materials-id,composition,target
7,SrFeO3,False
14,Li4Mn3Cr3O12,False
21,BaGe2,False
27,Ce2Al16Pt9,False
40,Ba4HgPb,False
45,Rb2GeB4O9,False
54,YMg,False
59,KBaZn,True
61,Ba4VSe,False
74,LaAlH6,False
80,Zn2Ga2S5,False
82,Li2VO2F,False
87,Te4MoW,False
88,SnHgO3,False
90,Fe2B,False
96,SmSb2Au,False
104,BaSm2CoO5,False
106,BiClO,False
108,Li2MnCuO4,False
112,HfTlCuS3,False
126,Ba4BiTe,False
128,Ba4LiRh,False
130,KBaNb,False
134,Ba4NbHg,False
136,PH5N2O4,False
137,AlFeO3,False
138,Ba4MgIn,True
140,K3CaP2HO8,False
144,VS2,False
149,Mg6ZnFe,True
151,Tb2SeO2,False
155,Mg3NiO4,False
177,LuTaO4,False
207,Ba4LaGe,False
211,LaZn5,False
212,Tc3Pd,False
219,Li2Mn2F7,False
223,LiYO3,False
230,RbLiO3,False
236,Yb2InCu2,True
241,CeN,False
244,Ba4ZrCu,False
247,ThTi2O6,False
251,TiFe2As,False
257,RbNiO3,False
260,RbF3,False
261,Ba4CuSe,False
265,La3CuSnS7,False
273,RuPbO3,False
277,VP4,False
281,LiAgF2,False
287,Ba4LaTc,False
290,Ba4HfCu,False
307,Li3P7,False
312,B2CN,False
314,Na2LiAlP2,False
316,K3Sb,False
317,TiS2,False
335,LiGa2Rh,False
340,KBaO3,False
346,CeSiIr,False
347,H3ClO5,False
351,Ba4ZrSn,False
357,LiCoO2,False
358,NiAgF3,True
368,Li3TiP2O8,False
378,LiFeF3,False
380,SrCa2I6,False
395,BaCaI4,False
407,YGa2Pd,False
415,Ba4TiCd,False
419,CaNiP2O7,False
420,Ba4InPb,False
425,Li2TiFe3O8,False
428,Li4TiS4,False
443,HfGe2,False
449,Ba3In2P4,False
453,MnAgO2,False
458,Ba4MgTe,False
459,CeMg6Cu,True
470,ZnSeO4,False
475,KCrPO4F,False
483,Ba4ZnPb,False
485,Ba4TlCu,True
498,Zr3Al3C5,False
503,Rb2RuO4,False
504,TeAuCl7,False
505,K2O,False
515,Zr2BIr6,False
528,Nd7S6Cl9,False
537,LiV2F7,False
547,Na3YCl6,False
548,ScBeIn4,False
553,TiNi,False
554,Ti2CS,False
559,BeRePb4,False
564,TmUTc2,False
576,LaAu,False
586,CaO,False
598,ZrNiP2,False
601,MnFeP2O8,False
604,AsC3N3,False
608,Ti2AlZn,False
631,MgSn3,False
633,BaAl3P2H2O14,False
637,CuWO4,False
646,K2Ga3,True
658,CaNi3P4O14,False
664,RbTlO3,False
671,TaSe2,False
673,Rb6Si2O7,False
683,Nb5As4Pd4,False
691,Ba4ZnTe,True
711,CeMgAg,False
712,Li2Co4O7F,False
728,ZrBe2Nb,False
730,BaCaBr,False
735,Sm2Co7B3,False
737,CoSbO4,False
761,Ba4MoSe,False
767,V6O7F5,False
786,Ba4TaBi,False
797,KTmI3,True
798,Na3Co2SbO6,False
806,MnPS3,False
809,Ba4SbBr,False
812,ZnCoO2,False
816,KAgO3,False
824,Ba3Nb2CoO9,False
831,Ca3Ni7B2,False
832,Ba4VTc,False
835,KBaV,False
842,Ba4ScPb,False
843,CeCuSe2,False
844,Nd2Ga5Cu3,False
849,Ba4SbPb,False
851,EuPd2,False
865,K2PdO2,False
869,Be2NiRu,False
883,SiBr4,False
886,Ba4TlRh,False
890,LiVF4,False
911,Bi2Te3,False
912,KBaZr,False
916,BeCd4Rh,True
969,GaPd,False
978,BaYIn,False
989,KMn6P7O24,False
992,YbO,True
997,BeFe4Ge,False
1012,Ba4InCo,False
1027,Li2BPt3,False
1039,Ba4CuGe,False
1042,Sm4Si2Se3O7,False
1043,Ba4SrRe,False
1046,NaMn4Be,False
1051,KAlO2,False
1054,Ba4InHg,True
1059,Ba4TiTl,False
1064,BeNb4Pb,False
1066,Ba5V5O14,False
1071,Lu5NiPb3,False
1073,FeSb2O6,False
1076,Ba4CaW,False
1080,Ba4SnSb,False
1083,HgSb2O6,False
1092,Fe8O9,False
1093,Ba3Zn5In2O11,False
1097,VPbO3,False
1100,YbCrSb3,False
1116,Ba4SrW,False
1118,Rb4NO,False
1124,Ca3Mn2O7,False
1128,Ba4HfZn,False
1131,PrClO2,False
1136,TeH5O6,False
1152,Ca2CdSb2,False
1153,Li2Ni3SbO8,False
1155,ScAgP2S6,False
1156,BaNaLi,False
1170,DyPt,False
1171,Ba4ScSn,False
1181,Yb2Si2O7,False
1183,TaBe2Os,False
1185,Ba4PtCl,False
1186,Ba3ErMn2O9,False
1190,KBaSn,False
1191,Cs2TeI6,True
1200,BC2N,False
1203,CaSi2,False
1210,SrCaI4,False
1217,LiNbF6,False
1219,Ba4SiPb,False
1228,Ba2NaHf,False
1229,GaPd2,False
1235,BeCo4Os,False
1245,BeVCu4,False
1256,Ba4MgTa,False
1257,KSn2Se4,False
1263,LuNiGe2,False
1271,BiB3O6,False
1274,HgO,False
1276,Ba4MgNi,False
1279,Ba4NiW,False
1284,BeMo4Pd,False
1286,BaCaBi,False
1296,Ba4SeCl,False
1308,Ba4ScRh,False
1309,LiMnF4,False
1314,Ba4HfTe,False
1315,MnNiAs,False
1327,MgBe2Br,False
1340,Ba4CdPb,True
1341,Ba4MnGe,False
1346,InH7N2OF4,False
1348,Ba4InGe,False
1356,BaCaY,False
1369,Ba4TlCo,False
1372,SrIn,False
1376,KBa4Os,False
1393,Ba2YGa,False
1410,Ba2HgBi,False
1417,Be2NbHg,False
1430,Ba4YBi,False
1432,SmZnNi,False
1436,LaNi2,False
1443,LaPPd,False
1449,KBiP2Se6,False
1451,Ba4TiHg,False
1456,Co2GeO4,False
1458,CeAl,False
1461,NdPt,False
1470,Ba4MgCo,False
1473,Ba4HgSe,True
1475,LaBeCl4,False
1488,CoOF,False
1490,Ca2PN3,False
1497,KBa4Mn,False
1501,ZnS,False
1504,H8C3O2,False
1518,Ba4NaSn,False
1519,HfScBe2,False
1521,ZrBe2V,False
1525,LiMg3,False
1533,Ba4TePb,False
1535,LiV2O5,False
1546,Ba4ZrBi,False
1550,Ba4ScBe,False
1559,Ba4HgP,False
1570,H5N3O3,False
1576,SrAl12O19,False
1578,Ba4CaRh,False
1580,NbNiTe5,False
1590,TePCl9,False
1596,NbCrN2,False
1600,BeVIn4,False
1604,Ba4ZrIn,False
1609,Ba4TaBr,False
1619,KBaHg,False
1626,Sr3Mg,False
1630,SmCl2,True
1633,Ba2LiGa,True
1636,HoGeAu,False
1637,Li2FeF4,False
1640,MnPSe3,False
1645,Sn4SF6,False
1662,CS3N4,False
1664,K2Ag4Se3,False
1665,Ce3Co4Sn13,False
1672,SnCl2,True
1673,Be2TlRh,False
1674,NaZrCuS3,False
1682,Ta2Pd3Se8,False
1683,EuPPd,False
1687,HgH16Br6N4,False
1694,Na5Li3Ti5O14,False
1700,Na3Sc2B3O9,False
1702,Ba4ZrSe,False
1717,LaFeSb2,False
1719,SrCd2Ge2,True
1744,Ba2NaTa,False
1745,Ba4YP,False
1755,NiS2,False
1762,MgGaAu,True
1766,Li3Mg,False
1771,Be2InPd,False
1780,K2NbCl6,False
1781,MnFeBiO5,False
1785,Nd3S3N,False
1791,LiSi,False
1796,Li4BeOs,False
1797,BeInGe4,False
1801,Ba4ZnGe,True
1805,Be2NiSe,False
1808,Be2CdPb,False
1809,Ba4HfBi,False
1812,Dy4B6O15,False
1813,TiFeP2O8,False
1827,Ba4LiBi,False
1835,Li2ZnI4,True
1836,BeCoBi4,False
1847,ErZnPd,False
1859,BaYBr,False
1860,Hf9Mo4As,False
1883,ScBeRu4,False
1895,Li3LaSb2,False
1896,ThFe4P2,False
1904,BeZnCd4,True
1909,K2SnHgSe4,False
1910,BeNi4Os,False
1911,Ba4ZrHg,False
1924,Ba4ScP,False
1925,NaClO3,False
1956,La4BeTc,False
1957,CeMg6Al,True
1958,YMg6Cu,True
1971,Ba4PbBr,False
1976,H3ClO5,False
1978,Fe2O3F,False
1979,Na5CoO4,False
1980,Ni3O4,False
1990,BeGa4Rh,False
1999,Fe2OF3,False
2000,SO3,False
2004,NaCoF3,False
2006,CaAgBi,False
2011,BaCu4S3,False
2023,BH6N,False
2024,Ca4Al6SO12,False
2030,Ti5FeSb2,False
2033,HfAl,False
2039,VO2,False
2040,BeVCo4,False
2045,ZnBi6P2O14F2,False
2047,V2CoP2O10,False
2049,MgBeGa4,True
2060,LaCo2Si2,False
2062,Li3GaB2O6,False
2069,V6H4O13,False
2085,Na3MgP2HO8,False
2099,CaH8Cl2O4,False
2109,NdNiSb2,False
2115,Zr3Co,False
2118,K4Sn3Se8,False
2120,Er2SnAu2,False
2126,CaB2H2,False
2129,HfN,False
2130,Ti4CdCu3O12,False
2131,C3N,False
2132,RbAuI3,True
2135,Pb2O3,False
2152,Na3CoO3,False
2155,Na4CoO4,False
2157,DyAlAu,False
2161,Li8CoO5F,False
2164,LaCdB5O10,False
2171,CuSeO3,False
2176,NdAlCu,False
2183,InBrO,False
2191,V6O11F,False
2199,VO2,False
2203,LiMnSiO4,False
2232,SrB2Rh2,False
2233,Mg4TiBe,False
2235,K2NaAlP2,False
2243,AlCu,False
2245,BH10C2N5O3,False
2248,Tl5Se3,False
2254,Fe2C9O9,False
2256,BaAlH5,False
2262,LaCo2B2,False
2264,YRe4B4,False
2265,RbCdAg3C6N6,False
2270,Mn3NiO4,False
2273,P2H16N4O7,False
2276,Yb5Si4,False
2283,VFeAs,False
2287,YbAlO3,False
2289,BeZnPt4,False
2290,PbI2,True
2291,BeNb4W,False
2297,C3N,False
2298,DyNi4Au,False
2311,ZrCu,False
2312,ErNiGe2,False
2316,SmGe2Rh2,False
2327,La2InRh2,False
2329,NaP5,False
2341,YBr3,False
2344,InMoS2,False
2346,Li3Mn2Cr2O8,False
2348,Tl2SnO3,False
2351,MgGa3,False
2357,TeN2Cl6,False
2362,MgTi3,False
2367,BaMgNi2,False
2372,UGeTe,False
2383,YBePt4,False
2384,Ta4BeV,False
2385,K4CO4,False
2389,Li4ZrF8,False
2393,La2MgCu2,False
2396,AlFe,False
2407,CeB2Rh3,False
2432,NaCaBe2,False
2437,SrAgSF,True
2447,LaP3H8O7,False
2451,AlH3,False
2458,TcBr4,False
2475,TaTiBe,False
2478,CuAu,False
2489,Cu2GeSe3,False
2497,SrCd2Pd,True
2508,ZrAu4,False
2511,SrZn,False
2515,TbB2Ir3,False
2520,Ge2N2O,False
2521,Mg3Ga,False
2524,ZrTe,False
2541,EuFe2As2,False
2544,TbCuAs2,False
2550,BaZr2Tc,False
2563,DyB2Ru,False
2565,Hf6Al16Pd7,False
2571,SrSi,False
2574,SmMg,False
2578,Sc3RuC4,False
2580,BPS4,False
2587,Mg2Cu2P2H12O15,False
2588,RbMg6Fe,True
2589,LiAlH4,False
2593,LiMnSiO4,False
2599,CaNiBN,False
2611,LiCeO2,False
2615,TmN,False
2621,VBiO4,False
2628,Li2MnF4,False
2635,BaMg6Mo,False
2650,Na3AsS3,False
2653,LiCuPO4,False
2669,K2SnBr6,True
2671,MgGa,False
2677,PuTe2,False
2692,Ce2ZrO6,False
2694,HoB2Ir3,False
2702,AuBr,False
2705,Cu2SO4,False
2717,Li4BePd,False
2723,BaTi2P4O14,False
2724,CaAl2SiO6,False
2728,BaIF,True
2738,Li5Ti2V3O10,False
2740,NaH2CSO4F3,False
2743,Li2UMo2O10,False
2762,Na2BiAu,True
2784,KCoO2,False
2793,PrMnSi2,False
2795,Sc4BeZn,False
2797,DyCdGa,True
2800,Co2O3F,False
2802,Er5BiAu2,False
2806,SrCu2B2O6,False
2811,Ba3NaN,False
2815,AgCN3O2,False
2816,BaMo2Br,False
2817,LaZnSn,True
2835,EuMn2P2,False
2843,BeCd4Se,True
2848,Na4CrO3,False
2849,Li2Fe3SnO8,False
2858,BeMo4Se,False
2859,ScInPt,False
2862,SnO2,False
2866,Ce3In3Ru2,False
2867,ErSi2Au2,False
2874,MnTl2GeTe4,False
2882,CsK2Sb,True
2885,Li3TiV2O6,False
2895,SrMg6Fe,True
2896,Na14Ni2O9,False
2903,BaSn2Se,False
2905,Mg2ZnAs2,False
2908,RbNbGe3O9,False
2914,Mn3OF5,False
2931,UNiSb2,False
2936,ZnSiAg2O4,False
2937,Ba2MnIn,False
2944,Tl6Si2O7,False
2948,Na2CrH8O8,False
2951,KNaB2H8,False
2957,TbPt,False
2974,NdMg2Ni9,False
2976,Tl2HgGeTe4,False
2977,DyH9C5N2O8,False
2980,BaSiP2,False
2989,BaMn2Ga,False
2994,Ba4Ti2PtO10,False
3015,Na2PdSe2O8,False
3019,UPt3,False
3021,NaCd4As3,True
3022,MoPRu,False
3024,LiO,False
3025,RhC2IO2,False
3037,HoBrO,False
3038,ZrTe2,False
3039,BaSc2Te4,False
3046,LiIO3,False
3049,Na4BeW,False
3056,BaCr2W,False
3057,Ag4P2S7,False
3066,Mn3O5F,False
3073,WOF4,False
3094,MgTi,False
3099,Ag2Se,False
3118,BaBeNb2,False
3123,LiSbSe2,False
3125,BaCa2Y,False
3141,BaRh2Br,False
3146,NbCuO3,False
3158,SrFe2P2,False
3169,LaAl2,False
3184,ErCoGe2,False
3203,BaNa2Mg,False
3210,K2BaPb,True
3212,Al5BO9,False
3215,PrAlPd,False
3216,PbClF,True
3217,Nd2InRh2,False
3219,CaGa2Ni,True
3225,BaCrCl2,False
3235,Ba2CrIn,False
3243,ReO3,False
3249,HoCd,False
3252,Ba2MnBi,False
3257,Fe3Pt,False
3260,Li4BeRu,False
3272,BaMoOs2,False
3273,Na2MgInF7,True
3279,CaAs2O6,False
3282,DyPS4,False
3295,Rh3S4,False
3298,BaPtBr2,False
3300,SmZnSn,True
3302,BaZnPt2,False
3303,Ba4Zr3S10,False
3308,MnCdO2,False
3311,BaBi2Br,False
3325,Ca3Mg,False
3326,BaNiPt2,False
3328,Ti3Pd,False
3336,NbTlB2O6,False
3337,BaSe4Br,False
3343,Li2Mg2MnFeP4O16,False
3351,V3O5F,False
3352,BaLiCa2,False
3354,NaAl6Fe3Si6B3O30F,False
3356,Ba2LiHf,False
3360,DyMnGa,False
3361,Na2Li3CoO4,False
3363,Ba2SbTe,False
3364,PrNiSb2,False
3367,BaNa2Pt,False
3369,BaCa2Pt,False
3371,TlPd3,False
3377,BaIn2Te,False
3386,DyFe2B2,False
3390,NaMg6Nb,False
3397,LiRuF6,False
3398,Mg3ZrO4,False
3406,HoZnPd,False
3407,K4GeS4,False
3413,HoInCo2,False
3418,ScBeGe4,False
3419,Ba2GaPb,True
3421,BaMoBr2,False
3425,MnZn3,False
3426,BaLi2Ca,False
3428,BeGa4W,False
3429,LuSi2Pd2,False
3430,TmTe3,False
3432,NaCO2,False
3442,Nb5Si3B,False
3445,BaTiB2O6,False
3449,BaHfBi2,False
3461,Ca3SiBr2,False
3471,BaSrCd2,True
3477,Pr2Fe2S2O3,False
3482,BaMn2Cu,False
3493,SbMo2S2,False
3494,VOF,False
3498,BaSrY2,False
3500,UCo4B4,False
3508,UAu2,False
3512,Al2O3,False
3513,MgMoN2,False
3519,BaGaRe2,False
3525,BeTeCl4,False
3530,NaB2H5O6,False
3536,LiGe2P3O12,False
3540,BaCdW2,False
3541,BaPd2Rh,False
3551,B2CN,False
3561,ScNi4Au,False
3577,Ba2SnCl,True
3585,VNi3,False
3596,BeNbIn4,False
3597,AlPd5I2,False
3603,BaCdSnS4,False
3606,SrSb2Pd2,False
3608,BaMgBi2,False
3622,BaP2Br,False
3623,Li2SnAu,False
3626,Cr3Os,False
3627,Ba2NaGa,True
3644,Ba3Y2B6O15,False
3645,FeH4Cl2O2,False
3648,Ba2LiSb,False
3649,BaSrLi2,False
3650,BaSr2Ca,False
3654,LiMn2Cr2O8,False
3657,BeBi4Br,False
3662,TlV5Se8,False
3663,BaYPt2,False
3668,KI,False
3670,TiReSi,False
3681,CaSi2,False
3688,Nd2MoO6,False
3724,Nb2CoO6,False
3729,Mg3TiO4,False
3731,BaTl2Bi,False
3732,BaSrMg2,True
3733,DyNi,False
3740,DyCu2S2,False
3753,LaAl,False
3757,BaGaSb,False
3761,ThSi2Ru2,False
3764,Sr8Mn2FeN8,False
3780,HoInCu,False
3785,TlZnPO4,False
3786,MnRh,False
3789,MgCO3,False
3794,CF2,False
3795,BaFePt2,False
3796,BaCaHg,True
3797,CaB2H10N2,False
3798,BaRu2Pt,False
3799,KNiAu3C6N6,False
3814,Li3Nb2Fe3O10,False
3816,BaLiBi2,False
3825,BaNbHg,False
3829,Ti2CdC,False
3847,Fe3Se4,False
3850,BaZnCr2,False
3852,Ba2PbCl,True
3853,LiMgAsO4,False
3855,Ba2ZnPb,True
3861,CeP5,False
3862,MgSiH2O4,False
3865,MgSiO3,False
3870,Ba4ReRu,False
3872,LuAgS2,False
3875,BaCa2Sn,True
3876,BaLiZr2F11,False
3883,Ba2CdSn,False
3890,FePd,False
3891,BH2N,False
3894,BaYPd2,False
3895,Ba4MoRu,False
3897,AlSn,False
3900,Mn4BeSb,False
3901,BaReBr2,False
3902,MgBIr,False
3912,K2FeH4S2O10,False
3913,BaBeIr2,False
3914,BaCrIn,False
3925,Ba4CuRu,False
3933,BaMgSn,False
3946,LiFe6Ge4,False
3947,BaBiSe4,False
3949,YNiGe2,False
3950,KCoAu3C6N6,False
3951,Fe2C,False
3962,V3O4F2,False
3982,Yb2CaO4,False
3983,Cr5S6,False
3988,BaZrTe2,False
3998,Ba4NbCo,False
4013,Ho5NiPb3,False
4031,Ba4ScRe,False
4033,BN,False
4037,BaMg2Mn,False
4039,BaInTe2,False
4040,BaP2Br,False
4041,BaSiCl2,False
4043,YbAlB4,False
4044,ZnPt3,False
4048,UB2,False
4053,BaNaHg2,False
4054,Ba2MgMn,False
4060,BaLi2Fe,False
4070,La3PbC,False
4072,BaSc4Co,False
4077,CaPbF6,True
4078,CoAs2O6,False
4079,RbBe2BO3F2,False
4083,Zr2Pd,False
4091,BaVTe2,False
4092,Y3Au2,False
4096,PuAlNi,False
4116,MnTe,False
4117,EuMgH4,False
4125,BaNaY,False
4129,PuB2Rh3,False
4151,BaTlPb2,False
4152,Ba2MnPb,False
4153,Ba4MnNb,False
4156,BaSb2,False
4158,Ba4LiIr,False
4159,Nb5Ge3B,False
4160,BaYTe,False
4163,WO2F,False
4168,KBaBi2,False
4173,Tb2InGe2,False
4186,LaNi4B,False
4196,CeInAu2,False
4199,Al4CO,False
4203,Mg3Al,False
4210,Ba4ZrGa,False
4212,Ba4LiW,False
4215,K2NiH12C4O14,False
4216,RbCl,False
4218,Ba4CoTe,False
4230,Ba4ScGa,False
4238,Hf4TiBe,False
4240,CrClO,False
4241,SrTe,True
4252,Ba4FeSb,False
4254,U2N3,False
4255,Er2SeO2,False
4256,KMoPO6,False
4258,KSbMo2O8,False
4263,Fe2OF3,False
4264,BaHfBr,False
4266,Nb6Si7Ni16,False
4267,V2Se9,False
4268,LiHoSe2,False
4272,TaBeBr4,False
4275,BaPuO3,False
4281,FePbO3,False
4282,Mg6FeNi,True
4283,MgBe2Se,False
4285,YCrO4,False
4300,BiOF,False
4316,Yb3Ti3O14,False
4317,Li3FeO2F2,False
4327,Ba2LaV,False
4333,Li3AlB2O6,False
4336,ErCo5,False
4340,MgH2,False
4347,BaCuNi2,False
4354,LiCu2P,False
4365,TbSi,False
4370,Mg4BePb,True
4375,BaTaMn2,False
4376,BaCdSe,False
4379,BaSiNi2,False
4388,Ba2VPb,False
4390,Mg7B,True
4402,Ba2YV,False
4403,Ba2ScBi,False
4413,BaSrMo,False
4422,ErClO,False
4425,BaIrCl2,False
4427,BaTaTe,False
4440,BaCdSb2,False
4444,Ba4NbRu,False
4449,Ba4InTc,False
4455,HgC2Se2N2,False
4457,TlFeBr3,False
4462,BaCd2Sb,True
4477,MnSnO3,False
4485,BaCaBr2,False
4486,Mg3Al,False
4492,BaCaCd,True
4494,Dy5BiAu2,False
4500,ErAsPt,False
4502,BaNa2Ge,False
4514,Ba4ZnW,False
4515,Ba4OsSe,False
4526,BaTlTe,False
4533,Ba4FeRh,False
4534,TeHO3,False
4540,NaCeS2,False
4549,Tb5SbAu2,False
4554,As4Se3,False
4555,BC7,False
4559,ErSi2Au2,False
4560,BaMnBr2,False
4567,BaTlPb2,False
4575,BaScSb,False
4578,BAsO4,False
4585,Li4Fe3O2F6,False
4586,Cu2GeI6,True
4596,Li2TlAu,False
4598,BaReCl,False
4605,Ba2CdSb,True
4607,Ba4TiPt,False
4614,Ba4SiPd,False
4622,BaZr4Pd,False
4625,NaLi2Bi,False
4627,Ba4MnOs,False
4635,NaCo3O4,False
4639,BaCrCd,False
4642,TlSb3S5,False
4644,TbSnPt2,False
4651,LiBC,False
4660,TmTlO2,False
4661,Ba2GaSi,False
4663,MnPRh,False
4669,Ga10GePb3O20,False
4671,BaNi2Br,False
4678,BaCdIr2,False
4685,Ba4CdIr,False
4694,BaMnSb,False
4695,SmOs2,False
4697,LaMgNi4,False
4698,Dy2CN2O2,False
4724,Ba2MgV,False
4731,Ba4VRe,False
4735,BaBe2Br,False
4741,Fe2OF3,False
4743,Ba4CdW,False
4747,Ba4FeSe,False
4757,Ba4HfPt,False
4775,Zr2Ni,False
4777,BaSc2Be,False
4778,BaBi2Br,False
4782,CaClF,True
4784,Li2CoSiO4,False
4796,TbInAu,False
4801,Ba4NbSi,False
4803,Ba2InW,False
4806,Mn2OF3,False
4808,FeOF,False
4825,Ba4CoSi,False
4827,HfSiRu2,False
4830,Ba4ReSi,False
4836,Zr6Ga2Co,False
4839,SrAgP,False
4841,BaReBr2,False
4844,BaSnSe,False
4850,Mn3O2F4,False
4861,Mn2Au,False
4863,BaNbTl,False
4864,CaFeAsF,False
4869,BaHf2Br,False
4871,BaSr2Te,False
4872,BaBi2Cl,False
4881,Ba4SiTc,False
4883,Yb2O3,False
4889,Ba2CrW,False
4892,Ca3Mg,True
4893,GaRh,False
4937,BaSr2Sc,False
4946,AuCl2,False
4947,Ba4SbPd,False
4948,TbCo12B6,False
4949,BaCdSn,False
4955,BaCrBi,False
4960,BaReSe4,False
4962,BaSrTa4,False
4963,BaCrSi2,False
4966,K2BaGa,True
4967,LiVF3,False
4977,BeGaFe,False
4983,BaRh2Br,False
4985,LiBeCd,False
4988,BaSn2Se,False
4997,Ba4RhSe,False
4998,Zr3N2O3,False
5005,PrAs2,False
5007,Na2SnH6O6,False
5013,Ba4SiPt,False
5024,Ba4HfW,False
5026,BaBe2Ge,False
5031,CrWO4,False
5038,ZrNbO4,False
5042,BaInHg,True
5048,Ba4MnTc,False
5061,KBaBe,False
5064,BaNaTi4,False
5073,Li3As,False
5081,BaCa2Mg,False
5101,BaGaBi2,False
5102,Ba2MnBr,False
5117,Ni2Sn4Au,False
5121,UTeAs,False
5127,BaTlBi,False
5134,MoF3,False
5144,BaGaPb,False
5148,YbCu4Au,True
5149,KAuN12,False
5150,ZnS,True
5151,BaSrHf,False
5159,Ba4HgIr,False
5164,NbFeF6,False
5165,Ba4SiMo,False
5172,InCuTe2,False
5176,Ba4MoIr,False
5177,BaNa2Re,False
5180,RbIn6Au4,False
5186,Li5AuO4,False
5191,Ba4RuPt,False
5193,BaYCo2O5,False
5194,Ba4ZrW,False
5197,ZrCl,False
5203,Na5P3O10,False
5210,BePdBr,False
5218,BaRh2Se,False
5240,Ba4ZnCo,False
5243,Ba4TeRh,False
5253,Np2InPt2,False
5255,BaLiTe2,False
5256,YBeIr,False
5261,K2BaMn,False
5262,Sr3Al2Si3O12,False
5273,BaVHg,False
5274,UGaPd,False
5279,BaSr2Li,True
5280,Ba4TaRu,False
5282,BaMgBi,False
5283,Ba4OsCl,False
5284,TbInAu,False
5285,Ba4LaW,False
5286,Ba4CuRh,False
5294,BaMnBr2,False
5298,BaHfSe,False
5299,NbI5,False
5301,Be2InGa,False
5305,Ba4HgRh,False
5318,Li5Fe4O8,False
5329,Sr2FeH6,False
5330,SiI3,False
5341,Ba4HgPt,False
5358,Be2SiNi,False
5362,BeZnRu,False
5366,K2BaSe,False
5368,KLi2As,False
5376,HfBeRu,False
5377,NbCrN2,False
5382,Be2ZnRe,False
5391,Ba4MnCr,False
5401,BaSn2Pb,False
5403,BeVCo,False
5406,BaReCl2,False
5414,BaTcCl,False
5415,BaMoIr2,False
5432,Al2CrS4,False
5437,BaZr2Co,False
5438,BaTcBi,False
5450,BaBiP4,False
5452,TaCu3S4,False
5454,CaB2H8,False
5455,CuHgSeBr,True
5460,Li2PrP2,False
5477,Ce2Ga10Ni,False
5479,CuS,False
5490,Mn6O5F7,False
5492,BN,False
5494,BaNa2Tl,False
5498,BaCuBr2,True
5507,YNiB4,False
5510,DyInNi,False
5511,MnF4,False
5514,Na4BeAlSi4ClO12,False
5523,BaNa2Si,False
5536,Ba2SrNi,False
5544,BaGaPt2,False
5546,LiBePd,False
5547,Ba4ZrMo,False
5555,RbNa3H4,False
5564,Li2RhO3,False
5572,Rb2NiF6,True
5575,Fe4O7F,False
5579,BePtSe,False
5583,Ba2ScSb,False
5589,BeTcW,False
5592,BeSiHg,False
5596,Li6CoSi2O8,False
5597,BaSbCl,False
5603,EuMoClO4,False
5609,CaFeAsF,False
5610,BeCdTe2,False
5613,Ca3SiBr2,False
5616,Cd2RuC6N6,False
5626,Ba2VBr,False
5628,NaCaBe,False
5629,CeAl4Si2Rh,False
5631,ScBeOs,False
5635,Ba4InRh,False
5642,Be2FeSe,False
5643,NdSi2Au2,False
5651,HfBeRh2,False
5653,PrCdGa,True
5656,AuF3,False
5658,LiBe2Mo,False
5676,BaYSb2,False
5677,BaSr2Mg,False
5679,BeCrP2,False
5685,CoPO4,False
5697,TiBe2Os,False
5699,SmSi2Rh3,False
5700,MnPO4,False
5720,YbSbAu,False
5728,Ba4ZrIr,False
5735,DyCrB4,False
5736,HfAsOs,False
5745,Be2GaNi,False
5746,Ba4PdRh,False
5752,BaCuBi,False
5753,YBeMo,False
5759,BeSn2Cl,False
5770,Fe4O7F,False
5783,KCo,False
5791,AuN2,False
5806,Mn3O2F4,False
5809,Ba4FeSi,False
5831,CrAsRh,False
5833,Be2NbIr,False
5836,Li3VF6,False
5839,BaIrBr,False
5841,BaCoSO,False
5849,Li3AlB2O6,False
5880,SbAsPd5,False
5883,Eu2O3,False
5887,B3Mo,False
5888,EuH3O3,False
5893,NaGaTe2,False
5916,C3N,False
5918,TiBe2Sn,False
5920,ScBe2Br,False
5922,RbClO4,False
5925,Fe2PO4F,False
5944,SrBePd,False
5946,TmAgTe2,False
5951,TiBe2Cr,False
5953,Er6MnTe2,False
5958,Rb3Bi,False
5959,AlAsO4,False
5962,KTa2Be,False
5970,LiBePt,False
5972,YbB2Ir3,False
5973,K2Tc,False
5975,BaNaMo,False
5977,Be2Cr2Pt,False
5996,BeCdPb2,False
6001,FePO4,False
6016,Li2NbF6,False
6018,Be2TlW,False
6020,BeNiIr,False
6034,LiFeF4,False
6035,Yb5Al2Sb6,False
6037,BaSi2,False
6050,BeFeTc,False
6059,YAlPd2,False
6061,NaBeIn,False
6065,InSiCN,False
6071,ZrMnBe,False
6080,Zr5Al3,False
6090,BeAgMo,False
6102,CaHg3,False
6103,Be2NbOs,False
6107,LiBH,False
6109,Tb5Ge3B,False
6115,AgSbO3,False
6118,CeAl4Si2Ir,False
6122,BaAl2Si2,False
6125,BeNbZn2,False
6126,Be2PdRh,False
6127,Be2ZnPd,False
6130,BeV2In,False
6137,Te2Au,False
6143,Be2ReHg,False
6149,CoN6Cl2,False
6151,BeSnPb,False
6153,Mn3O4F2,False
6163,CeZn3,False
6174,LiBeSn2,False
6183,BeGeTe2,False
6187,BeInIr2,False
6198,ZrBeCr,False
6200,BeTl2Hg,False
6218,BeSn2Br2,False
6224,RhBr3,False
6225,CuB4O7,False
6232,Mn2BeCu,False
6236,AlHO2,False
6239,SmZnPd,False
6242,ScFeC2,False
6248,LiBeZn,False
6251,ScBeV,False
6255,SrBeCu,False
6260,Be2NbW,False
6262,BeV2Pt,False
6270,KBe2BO3F2,False
6272,Li4Fe3Ni2Sn3O16,False
6274,TiMnO4,False
6275,SmCoAsO,False
6278,TaBe2V,False
6283,NaTaBe,False
6289,BeTlRu,False
6291,YbSi2Pt2,False
6292,Li2Fe3SbO8,False
6309,MgNi2Sb,False
6312,HfBeZn,False
6313,Ca2BeBr,False
6317,LiTaBe2,False
6318,NaTaBe2,False
6321,ScB12,False
6328,YTiBe,False
6343,NaHg,False
6344,CaMg7,True
6354,GeN2F6,False
6359,Li2FeO2F,False
6375,MnV2O4,False
6384,MgSiO3,False
6401,Be2PBr,False
6403,BeCuPb2,False
6405,ZrNi4As2,False
6410,NbRh3,False
6423,MnClO3,False
6426,MnGe,False
6430,BeNbTl2,False
6445,UGaRh,False
6446,Ba2CoBr,False
6465,Zr2Be2Tl,False
6469,Be2InRu,False
6472,YFeGe2,False
6478,Na2BiAu,True
6485,Na2CoO3,False
6487,CaBeGe2,False
6490,Tl2SnHgSe4,False
6498,HoB4Rh4,False
6500,BeCuSb,False
6501,BaInCl,True
6504,Pr4Fe3B6,False
6511,B2Mo,False
6515,BeSn2Ge,False
6530,Hf4CuSi4,False
6533,MnBeCl,False
6539,ZrBe2Hg,False
6555,Be2CrHg,False
6565,Mg3Pt,False
6568,BeZn2Cl,True
6570,ZrMn2,False
6582,Na2BeMo,False
6586,BeNiP2,False
6594,TiBeBi,False
6595,KAuC2N2,False
6598,YCuAs,False
6611,Eu2H6Ru,False
6616,FeOF,False
6620,Be12W,False
6621,Mg2BeBr,False
6624,H2SeO4,False
6626,K2Be2Co,False
6651,NiAs,False
6670,SrBe2P,False
6677,TaAsW,False
6680,ZrFeF6,False
6686,Be2VCo,False
6689,KPd2F5,False
6690,TaBe2Ni,False
6700,ThZn2,False
6704,Be2GeP,False
6705,CaGe2,False
6706,BeTlPd,False
6708,BeFeTe2,False
6713,K4BePb,True
6716,MoF3,False
6718,Li3V2P4H2O16,False
6726,ScGeAu,False
6730,Be2CoCl,False
6750,TaTe2,False
6751,Rb2PbCl6,True
6752,TaBe2Rh,False
6757,Be2MoCl,False
6759,BeFePd2,False
6764,BeInTc2,False
6767,TeI,False
6771,Mg7Zn,True
6772,TmCd,False
6785,CeTh2O6,False
6787,YbCuSb2,False
6788,ReAsPd2,False
6796,BeInPb,False
6800,Dy2Sn5,False
6813,BeZn2Cu,True
6815,Mg2BeCl,False
6825,HoAl3Pb2O8,False
6833,BeCdFe2,False
6837,BaMn2O5,False
6841,CaBeCd,False
6843,HfBeTc,False
6851,Mg2CoAs,False
6852,Li2ZnGe,False
6855,BN,False
6863,RbErSe2,False
6870,BiIO,False
6872,TbFeAsO,False
6882,CaSn,True
6885,BeSbTe,False
6887,KBeTe2,False
6895,Mg2SiO4,False
6898,ZrBeSn,False
6903,Sc2BeBr,False
6911,BeTlMo,False
6925,KSe3,False
6943,DyAlB14,False
6948,IrN2Cl6,False
6960,NbVF6,False
6961,Sr2NiTeO6,False
6982,NClO2,False
6985,AsPPd2,False
6989,CaBeRu2,False
6992,SmBi2Au,False
6993,K6Cr2O9,False
6998,Ta2BePb,False
7004,Th2Cu,False
7008,LiBeNi2,False
7009,MgBePd2,False
7024,Li2FeOF3,False
7027,RbLuSe2,False
7032,KBeW,False
7034,HfBe2Zn,False
7043,Th2Ga,False
7050,NaSc2Be,False
7052,DyFeGe2,False
7054,Ca2Si5N8,False
7069,Zn3N2,False
7089,HfCo3B2,False
7093,MgBeP,False
7106,LiBeZn,False
7110,BeTl2Te,False
7111,MgAsRh2,False
7113,ScBeRh4,False
7114,Be2HgPd,False
7115,Y2HfS5,False
7116,BeCrGe,False
7122,NaBePd,False
7131,CeSiRu,False
7133,K2SnN6,False
7134,Dy6CoTe2,False
7141,YF3,True
7144,BeHgSe,False
7153,TbMnB4,False
7164,Be2NiGe,False
7165,TaAsSe,False
7168,KCuC2N2,False
7172,TiBe2Ir,False
7175,DyNi2,False
7190,Li2Ti3FeO8,False
7195,LiMg4H13Os2,False
7198,Fe13Co3,False
7200,SiPt3,False
7201,SrBe2Cl,False
7205,BeGa2Bi,False
7211,Ce2UO6,False
7215,K2PtCl6,False
7224,Ca2BrN,False
7226,Be2CdCu,False
7229,Mn6OF11,False
7231,K2SnHgSe4,False
7233,TbNi4Au,False
7234,Na2TcF6,False
7239,Be2ZnRu,False
7240,Si2H2O5,False
7242,Fe2CuAs2H2O10,False
7247,BeCdTe,False
7250,VGaAs,False
7258,BeTlCu,False
7261,NdFeGe2,False
7268,AsOsPt2,False
7275,TiBe2Sn,False
7280,SmFeAsO,False
7286,MnBeCr4,False
7288,BeMo2Br,False
7289,Be2ZnTe,False
7291,NaBeV2,False
7297,YbLiO2,False
7303,TiBe2Cl,False
7307,Li3Ni4O8,False
7316,NpNiSn,False
7320,ScRu2,False
7324,BeGaSi2,False
7326,SnF4,True
7334,HoTlO2,False
7336,BN,False
7337,BeTe2Se,False
7340,HfBe2Se,False
7342,Li2FeF4,False
7347,Na6ZnSn2,False
7356,Be2IrRu,False
7387,ErNiBC,False
7398,Li2NbAs,False
7403,Na2O,True
7407,BeTl2Cr,False
7412,Be2CrRh,False
7421,ZrReAs,False
7435,Be2VBr,False
7442,Y3Mg,False
7445,AsIrW2,False
7456,Be2ReP,False
7458,YScBe2,False
7463,TiAsRu2,False
7474,Be2VBi,False
7485,Ni6Ge2B,False
7490,TaAsP2,False
7496,Sr2Ti2Sb2OF2,False
7504,Ti2AsW,False
7506,OsC,False
7510,EuSn,False
7521,CeCuSb2,False
7533,LiCo2OF3,False
7534,LaBAs,False
7551,BeInPb2,False
7553,TaSe2,False
7566,NbAsP2,False
7573,SmNi2Ge2,False
7582,HfBe2In,False
7585,ZrMo2O8,False
7586,HfFe2,False
7591,ErSi,False
7593,Li2NiO2F,False
7594,BePW,False
7595,NaBe2Pt,False
7610,Na2BeH4,False
7614,NaBH4,False
7628,Ba4Br6O,True
7629,BaAgSeF,True
7632,CaCeMg6,True
7633,TmRh2,False
7635,CaHfBe2,False
7639,LaFe2P2,False
7646,Li3MnOF4,False
7649,Be2CuRe,False
7663,SmSi2Ru2,False
7678,AsPtCl,False
7679,Mo2AsIr,False
7684,TbNiSb2,False
7685,Sr2BeCo,False
7693,YbAlCu,False
7695,BeTlAs,False
7696,YZrBe2,False
7705,CrSi2As,False
7720,HfBeSi,False
7721,Li2Ni3TeO8,False
7723,NaScBe,False
7726,HfReAs,False
7731,KCrO2,False
7735,SrBe2Te,False
7737,FeO2F,False
7740,LaSi2Ru2,False
7744,SiGeAs,False
7746,RbIn6Au4,True
7753,BePbSe2,False
7757,ReSnAs,False
7762,LiTaF6,False
7765,SbAsRu,False
7766,Mn2BeCo,False
7771,NaMnAs,False
7776,Be2VCo,False
7781,V2NiO6,False
7792,ZnAsPd2,False
7799,AsPd2,False
7803,TiBe2Bi,False
7807,Na2P2PdO7,False
7815,BeFeRu2,False
7819,CeZn3Cu2,True
7820,CdAsRh,False
7830,Tb2Al4NiGe2,False
7834,AuN5O14,False
7837,Na2MgPb,True
7849,NaBiS2,False
7855,CaBePb2,False
7858,SrMg6Mo,False
7865,HfBeSe2,False
7868,Ba2SnO4,False
7872,ErAg2,False
7875,YRh,False
7877,Mn3OF5,False
7884,BeCdPb,False
7886,Ta2MnAs,False
7889,MnAsPd2,False
7897,RbTaO3,False
7902,BeCdCu2,False
7907,Ni3Sn,False
7915,Ta2CrO6,False
7916,Li2H2Pt,False
7932,Sc3IrC4,False
7935,AsOs2W,False
7940,Sm2V2O7,False
7945,KBeTc2,False
7947,Mg3CO4,False
7951,BC7,False
7953,CaMn2Be,False
7957,Li4Fe2SiO7,False
7979,KBe2Si,False
7981,BH5CSN2,False
7985,CaBeTl2,False
7993,PtN2O6,False
7997,MgTaAs,False
8002,BeRe2Cl,False
8004,BeSnOs4,False
8008,NaNbO2,False
8011,FeCu3S4,False
8018,BeBiSe,False
8023,Ba3Ag2,True
8024,CaS,True
8027,AsIrPt2,False
8034,Ho3InN,False
8036,VSb4O12,False
8037,BePPb,False
8048,K4I2O,True
8053,LaMg2Ni9,False
8055,BeInOs2,False
8065,Y3Sc2Al3O12,False
8071,CaMnBi2,False
8073,ZrBeGa,False
8079,BeInBr,False
8080,BeCrCu2,False
8093,SbAsIr,False
8095,PdCl2,False
8101,BeTl2Se,False
8107,TaZnAs,False
8109,CaSn2Rh,False
8112,K2MgCl4,True
8113,EuGe2Rh2,False
8123,BeTlTe,False
8128,ZrCoF6,False
8132,Mn2BeHg,False
8133,AlVCo2,False
8135,KCaBe2,False
8147,Mg3MoO4,False
8149,Nb5Sb4,False
8153,BeOsW,False
8163,Er5BiAu2,False
8177,CuF2,False
8179,Mg4BeMo,False
8182,MnAsIr2,False
8186,CaBe2Cu,False
8188,BeNiRu2,False
8193,InNiAs,False
8196,Zn2BAs,False
8199,LiTiBe2,False
8202,H4CSN2O2,False
8205,BeSi2Ru,False
8206,Ce3Sb3Au2,False
8214,Mg2CoH5,False
8232,MnBePb2,False
8238,BeNbRu2,False
8245,Hf2BeBi,False
8247,YBeZn,False
8253,Na2LiBe,False
8257,LiBePd2,False
8270,TiNbO4,False
8273,SrIF,True
8281,Be2ZnGa,False
8282,Sc2BeRu,False
8286,Be2ReOs,False
8287,Li12Mg3Si4,False
8298,CeIr5,False
8304,SrBeTl,False
8310,MgSb3,False
8318,Be2TcIr,False
8320,Be2CuIr,False
8329,Nd2Fe2Se2O3,False
8341,SrBeTc2,False
8345,BeNbTe2,False
8346,ScIr,False
8351,HgB2As,False
8354,MoW3Se2S6,False
8361,CaB6,False
8374,Be2TlNi,False
8378,BeBiSe2,False
8385,LiMg6Co,True
8386,LiSmSn2,False
8389,NaInSe2,False
8393,SrBeTe2,False
8394,Be2PPb,False
8398,ThSe3,False
8405,MgBeRh2,False
8424,BeCdRu2,False
8432,BeV2Cr,False
8451,Yb2Ge6Pt,False
8455,BeFeRh2,False
8468,Be2ReGe,False
8469,ZrIN,False
8474,CaSe,True
8478,LiVP4H4O14,False
8493,LiMn2F5,False
8500,Sr2BeP,False
8512,KCoAu3C6N6,False
8514,NaBeGe,False
8523,BaNi9P5,False
8528,SrLiMg6,True
8530,NaBe2Ir,False
8534,NaNi2O3,False
8540,BeCoRh2,False
8560,SrCaBe,False
8565,RbMo3S3,False
8566,Li4ZrBe,False
8568,Be2GePt,False
8569,TeAsRu,False
8581,ReSbAs,False
8582,Be2NbBr,False
8589,MgMo2As,False
8593,Be2InSb,False
8597,Li2Mn3CoO8,False
8604,Be2ZnFe,False
8605,Be2TlP,False
8612,ScBeW,False
8615,YCu,False
8622,BeTc2Ni,False
8629,Mg6FeSb,False
8634,K3Cu3As2,False
8635,Mg6BW,False
8637,Be2Cd2Sn,False
8640,Be2FeBi,False
8647,Be2SbIr,False
8660,TiAsW2,False
8662,BeV2Cu,False
8668,PrAu,False
8676,Ba3SrI8,True
8684,K2BiAu,True
8686,Ba3Nb2CoO9,False
8696,LiMg6Si,True
8702,USnPd,False
8711,MgVAs,False
8715,Be2CoCu,False
8717,ScCuGe,False
8720,BaMo6S8,False
8727,Be2WCl,False
8755,ScBeV2,False
8764,Ca3B6Rh8,False
8770,Na2LiB5P2O14,False
8772,Be2SiPt,False
8779,NaBeMo,False
8781,ZrBeW,False
8782,SrAl2H2,False
8790,LiBe2Ga,False
8791,Mn2BeGa,False
8792,Be2PtSe,False
8794,ZrBe2Pd,False
8799,ScCu2As,False
8807,Ti2AsRh,False
8810,Ca2BeBi,False
8811,NbSeOF7,False
8816,TiNiO6,False
8828,Li2MnP2O7,False
8831,CdAsIr,False
8834,K2Si2Pb2O,False
8839,Mg6VCu,False
8841,BeGa4Pt,False
8842,LuSnAu,False
8843,Be2NiGe,False
8850,TcAsCl,False
8853,CaTiF6,False
8855,Sc2BeCl,False
8857,Be2FeP,False
8860,HoCr2Si2,False
8873,BaCdAsF,True
8874,CeMg6Sb,True
8879,NaTeO6,False
8898,Mg2BeHg,True
8902,Co3O2F4,False
8905,Tb2InGe2,False
8914,RbYMg6,True
8919,Be2GaPb,False
8922,NdClO,False
8925,CaBe2Cl,False
8943,Mg6NbC,False
8950,NaCu2As,False
8956,BeIr4Pt,False
8961,UGe2Pd2,False
8963,ErTiGe,False
8966,VMo2As,False
8968,BeZn2Pd2,False
8970,Li2BeCo,False
8971,Be2NiPd,False
8972,RbCrO2,False
8974,Sr2CdWO6,False
8982,SrCeN2,False
8988,LiMnOF2,False
8990,NbOF3,False
9003,Be2BO5,False
9004,LiBeP2,False
9010,AlPt3,False
9016,HfBeCu,False
9019,H2O,False
9021,Pt3O4,False
9024,Be2SnSb,False
9025,BeZn2Sn,True
9028,ZnP2PbO7,False
9031,AsP2Ir,False
9035,Be2PSe,False
9037,Sc2BeCo,False
9038,Mg6WC,False
9057,MnB2,False
9062,NdAsSe,False
9064,HfMn2Be,False
9078,Re3P4,False
9079,Be2AsCl,False
9082,RbV3Se2O12,False
9084,Rb2SnCl6,True
9085,SmMnGe2,False
9093,BeGa2Co,False
9098,TaBeV2,False
9099,Be2CoRh,False
9114,Zr2BeP,False
9118,Be2BiMo,False
9121,PrB2Rh2C,False
9130,KBe2Re,False
9132,Be2CoRu,False
9135,BeZn2Se,False
9139,YbNaO2,False
9155,TlPAuSe3,False
9175,K2MnTe2,False
9180,MnBeSi,False
9181,Be2SiTc,False
9186,BeCoMo2,False
9187,Be2PCl,False
9198,Zr2Cu,False
9200,LiV3O8,False
9206,BeBi4Te,False
9216,MgTaBe2,False
9221,BeCuSb2,False
9225,KNaNdNbO5,False
9239,BeSb2Cl,False
9240,FeCoBO4,False
9241,NaSrBe2,False
9245,Nd2WO6,False
9257,Be2CrFe,False
9260,Li2AsAu,False
9262,UH3,False
9265,Ni2SnAs,False
9272,Fe2C,False
9274,TbPbAu,False
9281,PrCuSn2,False
9284,CuMoF6,False
9285,Be2VGe,False
9290,IrBr3,False
9292,Zr3N4,False
9293,Be2HgCl,False
9295,KBeMo2,False
9297,KBe2P,False
9302,AsPd2Rh,False
9303,Ca3MgSi2O8,False
9315,Rb3Mn2Cl7,False
9320,VSi2As,False
9321,Ta2BeCl,False
9331,HfScBe2,False
9332,CrSb2,False
9336,BeRe2Br,False
9339,NdB2Rh2C,False
9341,LaAgGe,False
9343,Th2MnN3,False
9351,TiGeAs,False
9355,Be2VPt,False
9356,HoSi2Os2,False
9359,MoAsOs2,False
9361,LiAgF2,False
9362,Sr3MgPtO6,False
9375,RhO2,False
9377,Be2CrRu,False
9384,KMg6Sb,True
9389,K2NaAuCl6,True
9390,ZrTaBe2,False
9392,CeSi2Os2,False
9397,ScBeIn,False
9399,Ta2FeAs,False
9405,BeNiSe2,False
9417,NdBrO,False
9430,Li2MnSnO4,False
9431,BeCoPt2,False
9441,TbCoGe2,False
9449,YBe2Sb,False
9455,BeMo4Pt,False
9460,La2Pd2O5,False
9469,Be2HgBr,False
9486,WSeS,False
9491,NdSiRu,False
9516,TcTeAs,False
9521,NaBe2Fe,False
9526,NdAsRuO,False
9527,Be2SiTe,False
9542,Be2OsCl,False
9547,AsPd2Pt,False
9548,BeSn2Pd,False
9555,Ta2BeCd,False
9556,NaTc2As,False
9569,TiAlCu2,False
9571,Be2HgTe,False
9576,LiMn7O9F3,False
9581,Be2InP,False
9588,BeCdHg2,True
9593,SrBeBi,False
9601,KBe2Hg,False
9602,Be2VCl,False
9608,Be2CdBr,False
9609,TiAsAu,False
9621,YbTe,True
9625,TiBeW2,False
9629,LaFeAs,False
9630,Hg2AsP,False
9644,TiBeP,False
9650,CdCo2As,False
9651,Fe6O5F7,False
9665,TiBeNb,False
9670,NaBeV2,False
9676,TbMgSn,False
9685,K3SmCl6,True
9702,Be2ZnRe,False
9704,TbI3,True
9706,CaP2Ru2,False
9718,BeGa2Se,False
9726,HfAsPd,False
9741,MgZrBe2,False
9751,BeCoNi2,False
9759,Be2MoW,False
9760,HfBe2V,False
9769,BeZnRu4,False
9773,Be2CuOs,False
9776,SnB2As,False
9785,Ti3SnH,False
9786,BeTl2Ni,False
9789,MgAsRu2,False
9790,YBeCr,False
9796,NaLiBe2,False
9797,AsPIr2,False
9802,PrSi2Os2,False
9810,ZrGaCu,False
9815,AuSe,False
9816,Na2BeBi,False
9818,CrGaCo2,False
9835,MgBe2Te,False
9838,Be2GaRu,False
9839,TaBe2Ni,False
9844,SrBe2Pb,False
9849,BeBiW2,False
9853,Ca2Se3O8,False
9856,LaPt5,False
9860,Mg6AlSi,False
9870,Be2GaPb,False
9878,MgCd,False
9879,Ba2Mg3F10,True
9881,Be2CrW,False
9891,ScBe2Bi,False
9893,Be2BiCl,False
9896,URe2,False
9898,YSi3Ir,False
9903,SrYBe2,False
9913,Li2BeCl,False
9930,Be2SeBr,False
9942,AsPdAu,False
9944,KBe2Pd,False
9957,Be2HgRh,False
9961,Mg6GaBi,True
9973,KBe2Sb,False
9975,MgBe2Se,False
9978,BeTlSi2,False
9983,KMg6Ga,True
9988,Be2CrPt,False
9989,TmSn2,False
9992,MgBe2Se,False
9994,K2TeO3,False
9998,Li3MnAs2,False
10001,MnBe2Cd,False
10008,BeSi2Sb,False
10011,MnBeBr,False
10018,BeCrPd2,False
10019,KSi2BO6,False
10025,K2Ca2Be,True
10034,BeCuP2,False
10040,RbSnS4,False
10048,NaAsPd,False
10049,PaPt5,False
10051,BeCoP2,False
10054,LaMg6Mo,False
10061,Li4VCr3O8,False
10071,Be2TlPd,False
10078,Be2VRu,False
10081,Be2BiMo,False
10086,BeGaPd,False
10095,CeScSb,False
10101,BeRe2Bi,False
10104,Li2Fe2OF6,False
10116,KH3C2O3,False
10117,InSb,False
10123,HfMn2Be,False
10139,HfBeP2,False
10142,Be2TlHg,False
10153,MgBe2P,False
10155,Be2SiW,False
10156,LiBe2Tc,False
10161,ZnNi3Sb2,False
10162,BeFe2Re,False
10166,HfMg6Ga,True
10171,AgHg,False
10172,TbSi3Ir,False
10173,NaBe2Se,False
10180,MnN,False
10182,TiRu,False
10185,TlCu2S2,False
10186,BeFePt2,False
10201,Be2FeRe,False
10203,TiBe2Ge,False
10206,LuSi2Rh2,False
10215,Be2NbCo,False
10216,MgSn,False
10218,Be2TlMo,False
10223,Cr2AgBiO8,False
10225,BeCrIn2,False
10228,Zr3Mn,False
10240,Mg6CrFe,False
10241,Cr3B7BrO13,False
10243,TaBeIn4,False
10246,HfBe2Fe,False
10247,LiBe2Ge,False
10248,ZrBeCl,False
10249,CaLaVFeO6,False
10272,Be2TlP,False
10274,Sm2InNi2,False
10275,Be2TlHg,False
10283,Be2CrRh,False
10286,Be2FePd,False
10287,Pd3N,False
10302,Be2NbGa,False
10303,SrBeIn2,False
10305,Be2CuTc,False
10308,Be2CoNi,False
10313,ScBe2Pb,False
10318,Pr2AgRu,False
10331,Be2PbBr,False
10338,Be2NbCr,False
10348,U2SbN2,False
10351,TiBeCl2,False
10358,BeTcPt,False
10362,P2O5,False
10373,MgBeIr2,False
10377,NaBe2Si,False
10386,BeTeW,False
10391,Be2ZnMo,False
10394,Be2CuGe,False
10395,Be2ZnRu,False
10399,NaBe2V,False
10401,Ti2BeCo,False
10412,BeTcIr2,False
10415,KB6,False
10422,NaBe2Tc,False
10428,NaBe2In,False
10434,UTe3,False
10454,Ba4CrMo,False
10472,MnAl2Tc,False
10476,BeGeIr2,False
10480,Mg6VFe,False
10490,YbSbAu,False
10491,MnVBiO5,False
10494,ZrTi2Be,False
10495,BeSb2Br,False
10498,Na2GaAuF6,True
10509,MnBeFe2,False
10522,UCr2Si2,False
10530,BeV2Re,False
10538,TaMnBe,False
10542,Be2VTe,False
10546,Ho2SbO2,False
10549,CeMg2,False
10561,LiBe2Ga,False
10562,LiMg2Be,False
10566,YBe2Pt,False
10567,Be2TeOs,False
10568,BeZn2Bi,True
10571,Be2SnBi,False
10572,TiBe2V,False
10574,Fe3BO6,False
10575,Ba4ZrGe,False
10584,KBe2Mo,False
10586,ScBe2Hg,False
10587,Na2BeBr,False
10597,FeCu2GeS4,False
10601,BeHgMo,False
10610,BeFeTc2,False
10616,Be2InW,False
10623,Be2MoPb,False
10624,TbGe2Pd2,False
10626,CaBeSi,False
10630,B6Pb,False
10631,CeMg6B,False
10633,TiW,False
10647,CaC2,False
10652,MgAl2Se4,False
10659,RbCaMg6,True
10660,Mg6FeC,False
10663,Ba2NdTaO6,False
10667,SbPt,False
10671,ThGeTe,False
10674,Mg3Si2H4O9,False
10675,NaHfBe2,False
10678,BeGa2Mo,False
10682,CaSi2Ni2,False
10684,SrBeV2,False
10697,BeCdGe2,False
10698,Be2FeNi,False
10699,YHfBe2,False
10709,Mg6NiW,False
10712,Mg2SiO4,False
10716,Be2RhSe,False
10734,HfBe2V,False
10738,SrFe2As2,False
10746,TiBe2Ge,False
10754,Be2CrP,False
10768,Be2CuGe,False
10770,LiAlSi2O6,False
10782,CaBe2Se,False
10783,CaZn2N2,False
10801,TbCu,False
10802,Be2SiNi,False
10803,GaPd2,False
10805,Be2InSe,False
10819,LiBe2Re,False
10828,BaNa4O3,False
10831,TiGeSb,False
10833,BiB6,False
10839,InBiO3,False
10842,BeCo2Te,False
10846,Be2GaCu,False
10851,BeSiTc,False
10857,CaBeCd,False
10873,BeVSe,False
10874,Be2ZnP,False
10881,BeTe2Ru,False
10885,NaI3O8,False
10893,ZrBe2Se,False
10896,MgBePb2,False
10900,HfTiBe2,False
10904,NdGaO3,False
10905,SrBeBi2,False
10911,MnNF3,False
10912,CaUO4,False
10921,Be2FeIr,False
10927,BeFeOs2,False
10928,Ta2BeTl,False
10935,MnBe2In,False
10937,KBeRh2,False
10940,BaMg6Cr,True
10954,Be2GeP,False
10957,KBeRe2,False
10959,Be2InOs,False
10971,BeCd2Pt,False
10972,Mn2BeHg,False
10982,BeGaTe2,False
10984,Zr2AlC,False
10987,CrP2,False
10997,Mg2BeIn,False
11007,Na2BeIr,False
11010,Be2TeW,False
11022,LiCa2Be,False
11033,BeCrCo,False
11036,LiBe2Zn,False
11045,LaGa3Pd2,False
11059,HfBe2Ni,False
11068,Mg6VMo,False
11071,ZrTi2,False
11072,MgTa2Be,False
11082,Be2TcRh,False
11083,Ba4NaOs,False
11084,Li8CoO6,False
11088,Fe6O7F5,False
11092,TiH2,False
11093,NaAlSi4,False
11094,KBe2Co,False
11099,ScBe2Cd,False
11100,Be2PdRu,False
11107,BeGe2Bi,False
11119,MnBeFe2,False
11120,TaSiTc2,False
11124,CdWO4,False
11131,K2BeMo,False
11134,ScBeSn2,False
11140,Be2VPb,False
11143,Be2CdBr,False
11152,Be2SiSe,False
11155,ScBe2Te,False
11165,BeCr2Pt,False
11168,NaInTe2,False
11178,CaBePt2,False
11179,Be2InPt2,False
11183,Fe2PO5,False
11191,Be2VSn,False
11192,MgZn3,False
11205,Sc2BeIr,False
11212,Ba2NdRuO6,False
11215,KMg6Cr,True
11217,LaMg6Sb,True
11221,Rb6Si10O23,False
11224,Be2CuNi,False
11232,BaNd2Ti3O10,False
11235,Mg2Cd,False
11238,BeCuRh2,False
11244,MoSe2,False
11252,TiBe2Nb,False
11255,ZnF2,True
11261,Be2BiW,False
11262,LiCu2P2,False
11269,CaCl2,False
11273,Yb2SO2,False
11274,ScBeCl,False
11277,Be2CrPt,False
11291,Sr2BeNb,False
11301,NaBe2P,False
11311,KBeSi,False
11316,YbAs,False
11326,TaPS,False
11341,Y2BeCo,False
11343,Be2FeSn,False
11344,CeAl3Pd2,False
11345,TlCo2S2,False
11351,ScBe2Pb,False
11353,Be2CuBr,False
11357,BaTi4O9,False
11360,KBe2Ge,False
11372,BeZnSb2,False
11380,BeCuTe2,False
11382,Ti2BeTl,False
11383,KTiBe2,False
11399,Fe2B,False
11405,KBe2Cd,False
11406,TaBeRu,False
11409,BeZn2Cr,False
11410,ZrBeMo,False
11416,BeCd2Fe,False
11421,NaCaBe2,False
11423,BeZnIn4,True
11425,Na2MgBe,False
11428,Mg6NbMo,False
11430,BeMo4Os,False
11432,Ca2CuO3,False
11433,BeSi2W,False
11442,NdAlAg2,False
11443,Be2CuSe,False
11444,Ce2Ni7P4,False
11447,Na2BeP,False
11453,MnNF3,False
11458,Mg6VB,False
11461,EuInPt4,False
11462,ZrScBe2,False
11464,Be2InCo,False
11488,BePSe2,False
11492,K2BeSi,False
11512,ScBeTl,False
11517,ZrBe2Co,False
11520,CaBeCr2,False
11522,UGaCu,False
11523,ZrTe,False
11527,BeNiBr2,False
11542,Pm3Dy,False
11582,BaMg6B,False
11584,BeZnHg4,True
11586,YMgBe,False
11593,CaBe2Ni,False
11594,Mg6AlMo,False
11607,ZrBeSi2,False
11608,Sr2Be2Bi,False
11610,Ta4FeS8,False
11614,BaHCl,False
11649,Be2OsPd,False
11650,BeNb2Pt,False
11653,TiAl2Cr3C2,False
11667,Li5Co2O6,False
11672,MgCuAs,False
11673,BePtBr2,False
11677,ScBeP4,False
11681,BeBiIr2,False
11683,Na2BeW,False
11685,Be2CdGa,False
11703,KMg6Nb,True
11705,ScBePt4,False
11719,Ga2Ir,False
11721,Ti3Se,False
11725,BeCu2Se,False
11727,Mg6CoSb,True
11731,Li2CuS2,False
11732,BeSnCl2,False
11743,K2W2O7,False
11744,V3O4F2,False
11747,Sr2AsAu,False
11773,HfBe2Ge,False
11787,NbTe2,False
11790,NaBePb,False
11797,TaNiB,False
11800,TiBe2Pt,False
11817,LiBe2Ru,False
11819,YbAg2,False
11826,Ba5Er2ZrAl2O13,False
11832,ErCo3B2,False
11835,SrBeCu2,False
11837,HfBe2Sb2,False
11842,MnBe2Co,False
11844,BaPt2S3,False
11846,Be2NbSb,False
11855,NpN,False
11857,Cu2SiTe3,False
11858,SrCoO3,False
11871,Be2TlRe,False
11879,BeFe4Pb,False
11899,LiBeGa,False
11904,CaZn3,False
11906,Ca4BeRh,False
11913,NaH,False
11915,LiTiBe2,False
11918,KMoO3,False
11933,Be2SiP,False
11938,V2C,False
11946,Ti4H3,False
11962,SrNiO2,False
11963,YMg2,False
11970,La2MgNiO6,False
11982,SrBeIn2,False
11991,BeCr2Cu,False
11996,Li2YBe,False
12019,Be2TcGe,False
12020,Ca2BeIr,False
12029,YCl3,False
12037,CeMg6Mo,False
12041,LiFeOF2,False
12042,Be2C,False
12044,BeTl2Rh,False
12047,Sc2CuRh,False
12049,BeSiRh,False
12057,Pr2AgIr,False
12067,ThSi2Rh2,False
12070,SmFeO3,False
12077,BaAl2Cl8,False
12084,LaSi3Rh,False
12086,BeCu2Pt,False
12089,PmAs3,False
12090,K3NO4,False
12093,LaB2C2,False
12096,In2Co3S2,False
12097,HoInAg2,True
12104,YbNaS2,False
12106,RbPPbS4,False
12110,Mn6O5F7,False
12125,V3As,False
12129,Be2InOs,False
12130,BeCuCl,False
12145,Y2MnNiO6,False
12146,BeVBr2,False
12149,BeGe2P,False
12153,CeAl3Cu,False
12167,BaLiAlF6,True
12176,BeIrBr,False
12178,K2InAuI6,True
12181,RbMnP,False
12182,K2BeRe,False
12187,Be2ZnCr,False
12194,Co3Sn2S2,False
12226,BeCoPd,False
12233,UBC,False
12235,TiBeOs4,False
12238,KBeBr2,False
12239,BeV2Si,False
12243,MnBe2Fe,False
12252,SrBeCd2,False
12259,NiSe,False
12263,Hf2BeMo,False
12266,Ba3ScCO3F7,False
12270,LiSbTe3O12,False
12273,Sr2CoBr2O2,False
12277,BeCu2Ge,False
12283,LiFe2O3,False
12289,BeCo2P,False
12290,USnPd,False
12291,LiTiMnF6,False
12292,U2Re2C3,False
12293,CeMnNi4,False
12325,Mg6NbGa,False
12327,AlNi6Ge,False
12329,W3O,False
12334,Ca2ScBe,False
12335,TiBeGa,False
12338,GeH4,False
12349,BeZnSe2,False
12351,KCaBi,True
12355,Mg6ZrBi,False
12368,TiPbO3,False
12370,NaCeMg6,True
12378,Be2GaSi,False
12381,Er3P6Pd20,False
12384,NaMg6Cr,False
12394,Ce3InC,False
12401,Be2PbSe,False
12403,SmP3H5NO10,False
12407,LuAu4,False
12410,K2MgH4,False
12413,Be2CuNi,False
12420,BeCr2Cu,False
12429,CaZn,False
12434,MgAl2Si2,False
12435,La2BeZn,False
12437,CaZn3,False
12444,Be2WCl,False
12446,MnVCuO4,False
12447,MnBeMo,False
12448,BeGeSb,False
12461,SrP2Os2,False
12463,Fe2O3F,False
12467,NaMnBi,False
12475,Ta3Sn,False
12478,BeMo2Ru,False
12489,Be2CoSi,False
12492,ScTlO2,False
12498,BeCd2Ga,False
12501,AgBiTe3Pb,False
12510,Ba2CaV2CuF14,False
12518,HfFe2,False
12547,HfTaB2,False
12573,Be2SbSe,False
12577,BeCdBi2,False
12583,BaS3,False
12588,Sr2MnWO6,False
12595,CeMg6W,False
12599,SmAgO3,False
12614,SmBRh3,False
12622,BeGe4Sb,False
12632,Ce2SeN2,False
12633,TiSnSb,False
12635,Be2CrIn,False
12636,HoZrSb,False
12646,Mg6NbBi,False
12649,AlCuO3,False
12656,CeTmIn2,False
12662,ZrBe2Pd,False
12669,BPt2,False
12678,BeZnCr2,False
12679,UAsP,False
12693,MnCo3O8,False
12701,Ba2CaMgAl2F14,True
12707,Li2VO2F,False
12712,Be2TcGe,False
12716,SmSi2,False
12727,KH3Se2O6,False
12729,Fe4O5F3,False
12730,ThMn4Cu3O12,False
12743,Be2PPd,False
12757,BeCo2Ir,False
12758,LaZnO3,False
12764,LaMnBe2,False
12772,Mg6TiSb,False
12779,BeCuOs,False
12780,MgZn2,False
12783,SmSi3Os,False
12798,BeIn2Sb,False
12803,MgAl2O4,False
12804,MnCr2S4,False
12806,TaBeCu2,False
12808,LiZnAg2,True
12810,Zr2V6Sb9,False
12814,TiCu2,False
12815,ZnTe6O13,False
12827,Fe7S8,False
12843,PtO2,False
12848,MnBe2Os,False
12851,NbBr5,False
12852,FeAs,False
12853,BeMo2Pt,False
12855,VPbO3,False
12857,MgBe2Nb,False
12859,Mn3O2F4,False
12860,BeGa2W,False
12867,HoCo2B2,False
12871,SmCuPb,False
12874,Mg2Sn,False
12880,Be2GeW,False
12881,CaMg6C,False
12884,MnGa2Se4,False
12893,Mg6NiBi,True
12898,Rb2ScAgCl6,True
12912,TaBeP2,False
12915,YbNdMg2,True
12925,LaSi3Ru,False
12927,Li4NO,False
12928,Hg4Pt,True
12931,Cr2CoSe4,False
12939,SrMg2As2,False
12954,YSi,False
12958,CaMnSi,False
12969,Y2CI2,False
12971,MnPbO3,False
12976,Ca2BeW,False
12985,BeNbMo,False
12989,YbSnHg,True
13003,SmMg2Sb2,False
13006,Te4Mo3S2,False
13007,MgCuO3,False
13011,K3AuSe13,False
13025,MgSn,False
13028,MnSbRh2,False
13033,ZnAgN,False
13037,Mg3B2O6,False
13044,Nd2AlCo2,False
13055,Ba2MnZn2As2O2,False
13064,KFe2Te2,False
13066,CeZn2,False
13069,BeIr2Se,False
13072,Mg6NbCd,True
13073,LiMgBe2,False
13078,DyGa5Co,False
13083,Rb6Te2O9,False
13084,SrMnSn,False
13087,KFe2S2,False
13090,KNaS2O7,False
13094,FeSb2O4,False
13104,MnBe2Ir,False
13117,MgBe2Co,False
13127,RbVF3,False
13129,Ca2AgPd2,False
13136,AgSbPbS3,False
13141,Na2SrBe,False
13148,Mn2BeRh,False
13151,MgBe2Bi,False
13152,FeRh2Se4,False
13155,Mg6TiCo,False
13160,KH,False
13173,BeFe4Mo,False
13179,YbPt3,False
13184,SmP,False
13194,Cr2CuO4,False
13204,DyP2Ru2,False
13207,SmB2Ir3,False
13214,Ce3Ag4Sn4,False
13215,Dy6MnBi2,False
13216,Li2InAg,False
13223,VOF,False
13233,HfBe2Ru,False
13235,MgMnGe,False
13238,Th2Al,False
13250,Be2CrW,False
13258,Ba3Sc4,False
13259,HgNCl,False
13261,ZnCu2SnTe4,False
13270,BeCuW,False
13273,CaClO,True
13288,Be2CdFe,False
13297,CeMg6Co,False
13305,UO,False
13306,Mg6CrSb,False
13309,HoAgTe2,False
13324,GeO2,False
13346,UNi2Ge2,False
13348,Li2HgBi,False
13349,Mg2Zn,False
13352,Mg6SbW,False
13356,LiGaSi2O6,False
13357,UOs2,False
13358,TiBe2V,False
13359,CrTe,False
13363,PrMg3,True
13368,MnBe2P,False
13370,KO2F,False
13372,Yb3Ba,False
13374,Sr2Al7Ge,False
13378,Mg4BeTl,True
13383,Mg6CrMo,False
13385,NdTlZn,True
13396,BaFeO3,False
13399,Rb2AgSbBr6,True
13403,WN2,False
13405,MoRh3,False
13407,VAs2,False
13420,Sr2BeTl,False
13423,K2BeSe,False
13428,CeGe2Rh2,False
13432,SiO2,False
13440,K2NaNbO2F4,False
13444,Mn2BePd,False
13453,LaBeCu2,False
13454,NdGa2,False
13458,MoWSe2S2,False
13459,HgSeO3,False
13461,Te6Mo3WS2,False
13464,CaCo2Si2,False
13472,PuB2Ir3,False
13473,TaBe2Re,False
13477,BaGe3Rh,False
13478,Rb2Pd3S4,False
13483,Ca2CO3F2,False
13498,Be2CrOs,False
13502,ZnNi,False
13509,Zr3Si6Cu4,False
13512,HfGeS,False
13517,H3NO4,False
13529,HfBeGa,False
13539,YSnO3,False
13544,K2YBe,False
13551,CdCu2SnTe4,False
13560,CuS2,False
13564,YbAc2Mg,False
13586,Be2VCl,False
13598,Be2MoOs,False
13599,SmCuO3,False
13605,Zr2GaP3O12,False
13608,Li2FeF5,False
13615,PrCl3,True
13626,CeIr5,False
13642,Mg6VCo,False
13648,CaFe2P2,False
13655,BeNbTl,False
13657,BeVRu,False
13664,SrMg2Bi2,True
13666,SrCa3,False
13667,TeMoSe,False
13669,NbFe2,False
13675,LiCa3,True
13677,Na2BePt,False
13678,BeGaCu,False
13690,CaNi5H,False
13691,SrIn4Ni,True
13698,TbLi4F8,False
13703,SrMg,False
13710,HoSb2,False
13714,ScAgSe2,False
13720,NpSO,False
13726,CaCeMg6,False
13731,MgHg5,False
13749,LiSc2Pd,False
13758,NaLiMg6,True
13760,Fe4Bi2O9,False
13761,BaFe2Se4,False
13762,Er2Cr2C3,False
13766,CeSi2Ag2,False
13773,NbRu,False
13777,CeMg6Co,False
13778,GeP3,False
13790,TiH2,False
13795,CaCuSb,True
13802,Ho2SiSeO4,False
13809,HgCN2,False
13819,CoNiSe2,False
13821,ThAg2,False
13823,Mg6VCr,False
13826,CuH12N2Cl4O2,False
13829,PrCd,False
13835,KCN,False
13837,Li4NbFe5O12,False
13838,NbSe2,False
13861,Na5Fe3F14,False
13862,BaLaCo2O5,False
13882,Ga3Sb,False
13888,GaFeCo2,False
13889,TbNi5,False
13892,AlNi3,False
13895,ZnS,False
13908,K2RbMoCl6,False
13913,Y2HgO4,False
13927,Zr2Sn,False
13928,LiVS2,False
13932,LuCdPt2,False
13939,LaCl3O3,False
13948,Ca3SnO,True
13950,HfFeO3,False
13951,Na6CoO4,False
13957,Zr3Ta,False
13960,K3SbO3,False
13965,UCuSn,False
13981,CeSi3Ir,False
13984,Zr5Sn,False
13987,RbPH4O5,False
14001,NbCuTe2,False
14011,TbCdNi4,False
14014,MnCo3C,False
14018,MgHgPd2,False
14021,TmH2,False
14024,Ba3Sm,False
14025,ZrSc2,False
14032,SrGe3Pt,False
14045,Ba3Ta2NiO9,False
14050,VO2F,False
14053,UTeN,False
14061,Er2Se3,False
14067,Li2AgPb,False
14068,Sr3Li2,False
14071,CaZnPb,True
14096,LaInPt4,False
14098,Ce2Co17,False
14101,CrP2O7,False
14109,PrSi2Au2,False
14114,Na3CoF6,True
14122,TbCu5,False
14124,Ta2Se,False
14128,ThGeS,False
14135,MgTi2P2O10,False
14146,K2CuSbI6,True
14147,RbLi7Si2O8,False
14148,SrLiFeF6,False
14150,BaSnF4,True
14157,HgP2Se,False
14161,MgCo,False
14174,Ba3Li,False
14177,Mg2Sb,False
14179,SrZrSi2O7,False
14183,CaAlBO4,False
14192,BaSrTl2,True
14198,SrZrP2O8,False
14205,K2CuMoI6,False
14211,KBr,True
14212,UCu2As2,False
14213,Bi2O3,False
14215,NdAs,False
14230,KLiS,False
14233,LaPd5,False
14242,Ti3AgS6,False
14246,C2SO4F4,False
14251,SmNiO3,False
14255,MnPbO3,False
14257,NaSbTe2,False
14260,RbMnO2,False
14261,AgHgPd2,False
14262,NbAlNi2,False
14263,YbBa3,False
14265,Er2InNi2,False
14269,ReN2,False
14276,AlH4NF4,False
14288,CeBPt4,False
14294,MgSe,False
14295,Na3AuF6,True
14300,Pr3AlN,False
14307,YCrO3,False
14309,CoCu2SnSe4,False
14318,KAuCl3,True
14329,LiCuSbO4,False
14335,YbGa4,False
14345,Mo3Pt,False
14368,Na2GaHgF6,True
14393,Ca2CdPd2,False
14403,Pr2Ga7Ni,False
14404,Pr2Os3,False
14409,Nd3Tm,False
14411,NbO2,False
14425,V3Fe,False
14428,MnCdF5,True
14442,LiFeSiO4,False
14444,NaCoPO4,False
14449,Zr4FeNi,False
14453,CaB2H8,False
14461,TaV2,False
14463,MgAlBO4,False
14466,HfCuGe,False
14470,K2AlAuCl6,True
14480,RbSiBiS4,False
14485,La2CoO4,False
14486,Sm2O,False
14489,KMnF3,False
14492,PrZnPO,False
14496,Ba2SrUO6,False
14505,NbVCN,False
14511,SmSi3Rh,False
14513,MnGa2Se4,False
14515,LuFe2B2,False
14517,Sr5Mg,False
14531,Tl10Hg3Cl16,True
14547,Ba3PbO,False
14558,Zr2VCo3,False
14561,MnP2WO8,False
14570,TbCoSi3,False
14573,Li2AgSn,False
14574,YbLi3,False
14576,Mg2BO3F,False
14581,NbVO4,False
14585,RbZrCu3Se4,False
14601,CeSi3Rh,False
14610,LiMg2,False
14617,DyInIr,False
14624,ErCuPb,False
14625,NaV6O11,False
14632,CaScO3,False
14635,TiIr3,False
14640,CaZrO3,False
14659,BeSO4,False
14663,Li5Ti2Cu3O10,False
14682,CaPrRh2,False
14687,Pr3BWO9,False
14693,Li2Se,False
14726,Mn3O2F4,False
14735,Ce2BiO2,False
14744,Li2Mg,False
14751,PAuCl8,False
14763,SrAu2,True
14765,Sr2NiSe2Cl2O6,False
14768,Zr3Cu4Si2,False
14773,Li2Mn2SbO6,False
14774,SrCrRh2,False
14792,ScCu4Sn,False
14793,Co6O5F7,False
14810,Rb2NaScBr6,True
14817,Ti2Sn,False
14819,GaBi3,False
14826,LiPmGa2,False
14827,Hf6CoBi2,False
14836,RbF2,False
14838,ZrCo2,False
14844,FeCuO2,False
14847,ZnHgTe2,False
14851,PtPbF6,False
14855,VP2,False
14861,PdCl2,False
14863,Dy2Si3Ni,False
14883,CaSi,False
14884,LiHoS2,False
14886,BaCd2Sb2,False
14895,LiMg2,False
14900,UAlAu,False
14907,UGe3,False
14911,Y2Ni2Sn,False
14913,VCl2,False
14920,BaLi2Ti6O14,False
14927,Li3V4FeO12,False
14932,TbLiIn2,False
14937,ZnWF6,False
14938,CdBr2N2,False
14939,CeSe2,False
14941,YbAlAg2,False
14943,LiHO,False
14944,LiMnF3,False
14946,Mo2SeS3,False
14954,CrGaO4,False
14961,K5CuSb2,True
14962,Mg3InAg4,True
14965,Na2SrAl4Si4O16,False
14967,TbMgAu,False
14968,NaFeO2,False
14969,CoSi2Se4,False
14973,La2O3,False
14983,Sr2TaAlO6,False
14993,PrCoP,False
14995,Zr2Ir,False
15001,GaCu3,False
15002,RbSF5,True
15004,Fe3RhN,False
15007,LaFeO3,False
15022,CdI2,False
15026,Li2V3FeO8,False
15036,AgPPd5,False
15037,ZnMoF6,False
15044,RbCuPdSe5,False
15062,KPrTe2,False
15063,Li2Co3SnO8,False
15069,DyThCN,False
15074,HfTa2N3,False
15078,Mn2SnS4,False
15090,InCN2,False
15098,Y2MgCu2,False
15109,La3Ho,False
15110,NaCo2O4,False
15111,SrAl2Ge2,False
15124,K2CuF4,False
15127,ErTlS2,False
15129,ErPt5,False
15136,PmLuIn2,False
15143,LiFeF4,False
15147,Na2MgH8S2O12,False
15148,TaCrO4,False
15156,NbOsPb,False
15168,SmBPd3,False
15174,VCr2Te4,False
15179,Ag2S,False
15187,In3Pt2,False
15196,ErCl3,True
15206,TePb3,False
15213,LiVF3,False
15225,ThAlCo,False
15229,Tl3VO4,False
15231,CeSi3Os,False
15236,H3ClO5,False
15244,NbPd,False
15246,Rb2LiNdCl6,True
15258,MnPd2Au,False
15260,DySiNi4,False
15262,Ba2UInO6,False
15267,WSe2,False
15272,SmAgGe,False
15281,ZnBiF6,True
15285,Sr2ScOsO6,False
15286,La2B4Rh5,False
15292,BaLiP,False
15297,Ba3P4O13,False
15299,ZrInAu2,False
15310,LiFe2Cl2O2,False
15312,SmYCo2Ni2,False
15319,CuGeI3,False
15320,NbCrCo,False
15322,RbPd2F5,False
15325,LaGe3Ru,False
15326,Ca2Mg,False
15330,YC2,False
15350,ErAgS2,False
15352,CuNiO2,False
15353,Be2CoSi,False
15359,SmIn5Rh,False
15363,Mn6O5F7,False
15371,NbO2,False
15388,Fe3O2F4,False
15392,Nb6GePt,False
15393,RbSrCO3F,False
15404,Na3Ag,False
15406,YScO3,False
15409,DyBRh3,False
15417,TbBRh3,False
15418,K3RhF6,True
15424,Cr3Se4,False
15426,Ca2CdPt2,False
15431,CoNi,False
15457,HgNCl3,False
15458,P3IrO9,False
15463,Rb3AsF6,True
15470,MgSc2Ir,False
15475,MnCuNiSn,False
15477,CePaO4,False
15482,DyY3,False
15495,Ti2CuSb3,False
15496,CaMg5,False
15497,CrGa4,False
15502,CdFeO3,False
15507,DyMn2SiGe,False
15508,Mn6GaGe,False
15514,Ti2SnC,False
15517,PrAl3Cu,False
15523,CdHgS4,False
15528,Er2AgAu,False
15533,MnAgO3,False
15534,SnO2,False
15542,CeMg5,False
15547,LiMgSnPd,False
15550,TiAlFe2,False
15565,Eu2SbAu,False
15571,CdPPd5,False
15572,LiLaAu2,False
15573,Rb2ScInI6,True
15580,ZnNi3N,False
15583,CoTeSe,False
15588,FeCoO4,False
15596,TbMgTl,False
15608,HoSi2Ni2,False
15612,SrTa2Mn,False
15618,Li2VF4,False
15619,CaFe2As2,False
15623,HoSi2,False
15627,Sc2NiPd,False
15629,BaGe3Pd,False
15633,ZnSiNi2,False
15642,Co3Pt,False
15646,ThSi3Os,False
15649,V3O5F,False
15651,Ba2In2O5,False
15653,SmZn2Ga2,True
15659,CrIn2S4,False
15662,K2LiInF6,True
15668,RhF3,False
15671,LaCoSi2,False
15676,Ta2CrNO5,False
15688,Na4CrO4,False
15692,Ac2ZnHg,True
15715,TmTe,False
15718,V2SN2,False
15721,K2YHgBr6,True
15735,Rb2NaGaCl6,True
15736,Ti2HC,False
15741,MnFe4,False
15747,MgSbF6,False
15749,NaSm2Se3,False
15750,K2O,False
15755,YbGa4,True
15759,FeBiO3,False
15760,VCu3Te2Se2,False
15762,K3Ge,True
15769,DyPt2,False
15805,LaSi3Os,False
15809,NbNi6Mo,False
15818,NdGe5,False
15823,V2NiP,False
15830,Ba2DyMoO6,False
15831,DyFe2O4,False
15838,ThUC2,False
15839,YbInNi4,False
15843,Ac2CuRu,False
15849,Mn2AlCu3,False
15852,CaBiAu4,False
15857,NaNpCO5,False
15864,PrNdIr2,False
15865,MnCuO3,False
15871,Al3Ni2,False
15885,LiGaO2,False
15899,Ta3Ru,False
15907,KRb2RuF6,True
15918,MnPt2,False
15919,Ba2ZnMoO6,False
15927,YbCd2As2,True
15935,VTc,False
15946,Na4SrCaSi2,False
15948,K4HgAs2,True
15950,K2RbAsCl6,True
15959,U2TeSe,False
15968,GaHgO2,False
15972,Na2LiAsF6,True
15978,SrLaMnO4,False
15983,In3Ga,True
15991,HgPRh,False
15997,CdCoCu3Se4,False
16001,BaYBr5,False
16007,Sr2ZnP2,False
16012,GaAgS2,False
16016,TbBaO3,False
16030,Ho2AgAu,False
16037,SrCeAlO4,False
16041,MoPt,False
16044,KCuH3,False
16045,BaGe2,False
16047,La2TlAg,False
16065,Ba2SrI6,False
16066,NdIn,False
16077,LiTiPd2,False
16081,MnGaPd2,False
16087,Cr3O,False
16090,Ca2Ti6N2O11,False
16094,ScVFe,False
16097,CaEuH6Ru,False
16100,Na3Li3N2,False
16103,Zr2Al3Ni,False
16114,Cr3SbO8,False
16118,Ti2Si6Mo,False
16128,V2CoO6,False
16131,TbMg3,False
16132,CaMg3,False
16139,Ce2In3Sn3,False
16146,MgTa2N3,False
16155,Mg6SiSn2,True
16162,Rb2ErAuCl6,True
16164,SnTePbSe,False
16179,Cd3FeS4,False
16183,K2YAuF6,True
16187,Ti2AlCr,False
16192,K3SbI6,True
16196,KU2P3O12,False
16197,GaH3O3,False
16202,AgIO3,False
16210,Te2MoW3Se6,False
16217,CaCdO2,False
16221,NiI2O6,False
16227,BaIrO3,False
16231,GeAu3,False
16233,NaSn3,False
16235,Al2CdTe4,False
16239,Li4MnFe3O8,False
16240,Yb2NiSb2,False
16247,YSi2Rh2,False
16250,TiCr2Si6,False
16252,Rb2PtI6,True
16284,LiMg,False
16291,BaErO3,False
16292,RbAuCl3,True
16293,HoErMg2,False
16296,NaLuS2,False
16306,TePb2S,False
16311,Sm3Cd,False
16315,PmYIr2,False
16320,NaAg2Sn,True
16324,Na2LiTlCl6,True
16349,LiH3Se2O6,False
16350,Pa3Hg,False
16355,BaP3Pt2,False
16359,YbPtO3,False
16360,Sc2Co,False
16368,Yb3Ba,False
16381,Nb2CS2,False
16383,Ac3Zn,False
16390,CeSi2Re4,False
16391,Pm2AlGa,False
16392,Li3AlF6,False
16393,Ba2CaN2,False
16403,Rb2AlHgF6,True
16404,LiFeAs,False
16405,ScBiPd,False
16421,Na2LuAgCl6,True
16427,AlNi,False
16433,BaAlSn,False
16438,Li5CuF6,False
16443,Sr2Fe2Se2OF2,False
16445,K2NaSbCl6,True
16446,Ce2ThO6,False
16448,CaHg11,True
16457,ErP2Pd2,False
16465,LiDy2Tl,False
16467,Pr3In,False
16480,K2PdF4,True
16488,KCa3,False
16491,Mn3ZnC,False
16493,ErNiBi,False
16497,Rb3TlCl6,True
16506,BaMg2P2,False
16509,Y4S3N2,False
16515,Ta4N3,False
16532,YbSmCd2,True
16545,PrB2Ru3,False
16548,CaMg,False
16556,K2InAgCl6,True
16562,K3CeI6,True
16571,TbBr,True
16573,Sm2MgIn,False
16575,RbMnF3,False
16577,Pm2NiPt,False
16578,TaB2Mo3C2,False
16590,Sr2LaNbO6,False
16592,GaNi3,False
16604,Na3In,True
16607,Nb3Au,False
16619,Li2VCrO4,False
16625,K3AuCl6,True
16629,Yb4Mg4Fe3H22,False
16633,Pm3Th,False
16641,HfWC2,False
16644,AlCu3HgSe4,False
16648,Yb3Ca,False
16649,Mn3Sb,False
16655,CrS2,False
16659,HfU3S3,False
16662,K4BeAs2,False
16663,NdSm3,False
16664,Li2Cu3Ge,False
16667,PbF4,False
16669,K2ScHgBr6,True
16671,ScCu,False
16683,Tb3Pr,False
16684,Pu3Th,False
16685,K2NaTmCl6,True
16692,AgN3O4,False
16695,PmNdHg2,True
16696,Ti2AlMo,False
16702,In2Te3,False
16708,Tb3Sc,False
16712,SrCaS2,False
16721,K2LiRuF6,False
16728,CeCr2B6,False
16733,RbFe2Se3,False
16735,SrSiNi,False
16736,Se2Cl2O5,False
16738,K2NaLuCl6,True
16747,NpSn3,False
16751,BSbO3,False
16762,NaCd2In,True
16770,Li3Eu,False
16774,TmAs,False
16775,HfZrCN,False
16795,LaThPb6,False
16797,Rb2YHgI6,True
16800,Ho2CuO4,False
16815,DyErTl2,False
16818,CaSi2,False
16821,LiCe2Al,False
16834,CrSi,False
16839,Rb2NaErCl6,True
16842,Na2PrCuCl6,True
16865,TiH10C6O4,False
16866,Dy2PdPt,False
16867,CdAu,False
16878,PuPbO3,False
16883,K2MnSO4F3,False
16890,Ba2FeN2,False
16896,HfAl2Zn,False
16897,K2ErAgCl6,True
16901,PrNdIn2,False
16931,Co6O7F5,False
16939,TmAsO4,False
16940,Rb2NdCuCl6,True
16943,KNbO3,False
16945,Ca2NCl,False
16953,Li2MgZn,False
16959,Cd2AgPt,True
16960,LiV3O6,False
16961,Sc2CoCu,False
16962,CuNiO2,False
16965,HfNi2,False
16968,LiAg3,False
16970,ZrTiB4,False
16971,CuSnPd2,False
16978,VAu3,False
16979,K2NaTlBr6,True
16980,ZnGaCo2,False
16983,Rb2AgAsBr6,True
16984,TaB2,False
16988,TmTl3,True
16990,SrPb2N2,False
17001,K2TiCuF6,True
17005,LuNpRu2,False
17015,SrFeO2F,False
17018,YRh2,False
17024,CrAgS2,False
17031,CaMnS2,False
17048,MgCuPb,True
17052,Sr2Zn5Si3,False
17053,Ce2SeF4,False
17055,Li3ScF6,False
17057,Ce3Cd,False
17059,Sm2Ga3Cu,False
17064,SrCeN2,False
17065,Nd2ZnIn,False
17070,HoSi2Rh2,False
17071,Ni3C,False
17072,ZnH6C5O4,False
17074,CaH2C3O4,False
17078,HoBi3,False
17081,Sr2TlZn,True
17089,AlCu3,False
17091,FeCo2Se4,False
17098,LiGa2Ir,False
17099,Er3S3OF,False
17105,H2CO,False
17111,LiZr2S4,False
17117,NiIr,False
17125,SmCo2Ge2,False
17138,LiVO3,False
17142,CeZrO4,False
17144,Y6FeBi2,False
17150,ErNi5,False
17155,AgBrO3,False
17158,YbPmCd2,True
17172,SrTiMnBiO6,False
17176,BaSr2Ca,True
17183,Sm3Pu,False
17187,Dy2SbO2,False
17191,Sr5ZnCd4,True
17197,Nd2TlAg,False
17198,NClO3,False
17199,FeSb,False
17225,Mg5Pd,True
17230,ZnH8C6O4,False
17233,Ba3Er,False
17245,Ti3S2,False
17257,Ti2MoPd,False
17259,HfTiSe4,False
17263,K3BiI6,True
17270,CaH10C7O4,False
17272,Sr2TaMnO6,False
17275,Rb2CuPdF6,True
17276,USb2,False
17277,HoBiRh,False
17286,NdTmIn2,False
17287,La2In3Sn3,False
17288,In3S,False
17289,Ta2FeS4,False
17290,GeAs,False
17294,CdGeN2,False
17296,BaPaO3,False
17301,BiO,False
17302,NbAl6Mo,False
17308,In2CuTe3Cl,False
17311,YHoIr2,False
17315,SmBeCu4,False
17316,LiFe2P2,False
17326,AcCdAu2,True
17332,HoGa5Co,False
17335,AlH16C10ClO4,False
17343,Li2IrN2,False
17344,BaNa2Sn,True
17357,H3C4O,False
17358,Sn2IF2,False
17379,SrZnF4,True
17383,HfSc,False
17388,Te2W,False
17421,LaCuGe,False
17425,Ba2CoWO6,False
17427,YbPd,False
17430,Hg2TeS,True
17443,Eu3Mg,False
17444,SnBi,False
17445,SnPbN2,False
17446,K3ScCl6,True
17451,Pu2SnHg,False
17452,PuIn,False
17453,ZnH8C6O4,False
17465,TiTc2Sn,False
17474,LiIn2Rh,False
17495,K2LiTaBr6,False
17498,NaBi3I2O4,False
17502,TiCrTc2,False
17505,Te2Mo3WSe6,False
17506,Ba2LuReO6,False
17512,Sn3Sb,False
17523,H7C8SN,False
17525,Tl3Zn,False
17526,PrTl2InTe4,False
17534,Li5Ni5Sn2O12,False
17543,H3C7NO,False
17547,VCr3,False
17555,VOF3,False
17558,ZrPbN2,False
17559,Zr2CS,False
17561,SbTePd2,False
17563,CoH2O2,False
17568,Si2Ir,False
17571,NiI2,False
17573,CaMn3O4,False
17585,HfH6C5O4,False
17600,TbSi2Os2,False
17601,DySi2,False
17621,Hf2CoOs,False
17638,H6C10SO2,False
17641,SrAg2Sn2,True
17650,PdAu3,False
17652,K2TiAgF6,True
17655,K2NaBiF6,True
17659,K2NaMoO3F3,False
17663,Sm2SbS,False
17666,KRbCl2,True
17667,ZnSnAs2,False
17668,H6C7SN2,False
17669,H5C9S2NO,False
17670,LuB2Os3,False
17676,ZrAlCo2,False
17683,DyGe2Rh2,False
17699,BaFe2N2,False
17701,FeCo2Si,False
17709,GaCo3,False
17725,K2AgSbI6,True
17732,ZnH10C7O4,False
17733,Al4Ni3Pt,False
17741,Na2ScCuF6,True
17748,TiZnBi2O6,False
17752,K2NaYCl6,True
17755,HoCu2Ge2,False
17757,BaSr2I6,False
17758,Ba3Na,False
17762,Si3P3Ir,False
17767,Ba2Ge3,False
17768,BeCrO4,False
17773,ZnPbF6,True
17774,MnCdO2,False
17784,Ti2IrRu,False
17787,LiCuAu2,False
17792,ThSi2Cu2,False
17798,CoO2,False
17800,VO,False
17803,YHoIn2,False
17809,Sr2FeCoO6,False
17819,H4C5S,False
17821,ThSiRu2C,False
17823,V2O3F3,False
17824,K2NaCeCl6,True
17826,YbHoPt2,False
17838,MnBeRu2,False
17839,Ho3Th,False
17845,AsPd4,False
17847,MnPt3,False
17851,Li4Fe3CuO8,False
17853,CeCu5,True
17855,UGaAu,False
17872,Sn3BiTe4,False
17874,NaNO2,False
17875,K2HgAsI6,True
17877,KHg2,False
17879,YbRb2LiCl6,True
17885,KRb2AsBr6,True
17886,PdPb4Au,False
17887,Zr3Ag,False
17890,DyAs,False
17891,Na2AgRhF6,True
17894,LiCr2CoO6,False
17905,GaCuNi2,False
17907,V5Te4,False
17908,Sr4As2O,False
17910,HfNbC2,False
17912,AlV6Ge,False
17921,K2CdAu,True
17928,In2Bi,False
17946,CdH14C9O4,False
17964,FeNiP2S6,False
17965,KNa2TiF6,True
17967,MgB2,False
17971,MnZnAu2,False
17982,Ni6SnSe2,False
17985,Zr2HN2Cl2,False
17992,RbNaCd3O4,False
17996,PdCl2,False
18012,Li2NiSnO4,False
18022,Rb2NbAuF6,False
18024,LiInTe2,False
18029,CeCo5,False
18045,H3C6S2NO,False
18049,SrPmPt2,False
18050,PrCo4Si,False
18082,SrNi2Ge2,False
18083,YBiTe3,False
18086,GaGe3,False
18088,K3Ba,False
18089,Rb2YAuBr6,True
18093,Li4Cr5SbO12,False
18099,OsPt4,False
18110,NaCo3O6,False
18120,ZnCdO2,False
18125,Ce2O3,False
18127,Na2AgAsF6,True
18129,HfInPt2,False
18131,K2HgSbI6,True
18138,CrO2,False
18147,TiGa,False
18148,CdH4C4O4,False
18149,Na2LiDyCl6,True
18152,BaBi2O5,False
18164,AlInN2,False
18168,H4C5O2,False
18169,Ho2RuPt,False
18170,NdCuNi4,False
18173,HC2SNO2,False
18179,H4C6S2O,False
18187,FeTc2Ge,False
18198,Zr3S4,False
18202,RuPt,False
18205,CrB2,False
18213,KBaLiZnF6,True
18218,ErPa3,False
18220,Sr2LaTaO6,False
18221,SrMn2As2,False
18232,YCu5,False
18233,ZnH14C9O4,False
18239,Rb3SbF6,False
18243,Tb3Y,False
18245,Rb3YF6,True
18259,BaCa2I6,False
18265,Nb3Pd,False
18275,Y2Mg3Zn3,False
18277,DyMgGa,True
18284,NbS3,False
18285,Pr2Tl3In3,True
18286,Y2USe3,False
18289,H4C5,False
18293,PrCo2P2,False
18294,NdTlPd,False
18300,K2RbRhF6,True
18324,H8C8O,False
18329,NaBeAs,False
18330,Pb2BrOF,False
18332,Nd2Ga7Pd,False
18333,HoErIr2,False
18335,PuBrO,False
18336,TbPm3,False
18340,UAl3Pd2,False
18342,Pm2AlIn,False
18344,Ni2Mo,False
18345,ErLuZn2,True
18355,YbGaO3,False
18357,TbErIr2,False
18361,Mn3Re,False
18367,Zn2GaCuSe4,False
18372,HfCr2,False
18374,Hg2TeSe,True
18376,CeSi3Pt,False
18381,Tm2C,False
18385,CaCl2O6,False
18387,LiV2OF5,False
18395,Ac2MgGa,True
18402,CrB4Mo,False
18405,ZnCuAu2,False
18406,KSnSb,False
18416,Nb6GaGe,False
18422,SmZnCuAs2,False
18427,K2InGaI6,True
18431,VPt3,False
18433,V3MoO6,False
18436,Na2InHgBr6,True
18441,Te2W3Se4,False
18447,VSiGe,False
18449,TmAu,False
18452,K2RbTaBr6,False
18453,ErAlO3,False
18456,Ba3Ho,False
18462,FeCoPt2,False
18466,NbVC2,False
18471,In2GaS4,False
18474,NaNbS2,False
18475,Ge3Te2Se,False
18477,ZnH6C5O4,False
18487,Pu3Np,False
18489,YMgSe3,False
18492,NdFeCoSi2,False
18499,Ba2Bi2O5,False
18502,TbAc3,False
18505,Ca2TlSn,True
18510,LaNdMg2,False
18520,Ca4Sb2O,False
18526,Ba2SbAu,False
18532,Sc2TlZn,False
18535,YZrFe4,False
18537,Rb3Bi2,False
18560,V6CoNi,False
18565,YMn2SiGe,False
18578,MnBr2,False
18582,Ba4As2O,False
18592,Ti3TlC,False
18601,V6FeNi,False
18604,BaCr4O8,False
18612,ZrGeTe,False
18636,LaPmMg2,False
18641,Rb2LiMoBr6,False
18644,ZnH8C6O4,False
18650,LaCoO3,False
18657,Bi2Te2Se,False
18661,Dy2CuAg3,False
18663,Ge2TeSe,False
18678,HoMg2,False
18687,TlNi2Se2,False
18692,ScBC,False
18697,ScFe3,False
18704,Rb2NaMoI6,False
18708,K3AsF6,True
18710,H6C4S,False
18717,ErFeNi,False
18723,Ce2Si3,False
18729,ScPt,False
18734,Tm2TeS2,False
18756,H7C7NO,False
18757,ErSeI,False
18758,GaSb3,False
18763,LiAlZn2,True
18764,K2NaSbF6,True
18767,CaI2,True
18772,Nd2Fe2Si2C,False
18775,H11C5,False
18778,NaMnO2,False
18784,In3Ge,True
18788,Mg2As,False
18795,ScHg3,True
18802,V4O5F7,False
18806,Fe2CoGe,False
18807,UPt2Au3,False
18808,TiInNi2,False
18809,Rb2TlAsCl6,True
18814,Ti3In,False
18816,CdH18C11O4,False
18819,Fe6O11F,False
18843,AlRh3,False
18844,PtRh,False
18855,TaNbMo,False
18857,Tl3Ag,False
18869,Rb2LiTlBr6,True
18873,NdOF,True
18880,SO4,False
18886,BeAu,False
18896,Yb3Ge5,False
18897,NbB2,False
18919,H6C6SO,False
18920,YbZn2P2,False
18923,CrH3,False
18925,KHgAs,True
18933,Sr2ZnN2,False
18938,CaCd2Sb2,True
18941,V6GaSn,False
18942,TiBi2O6,False
18944,H6C5SN2,False
18949,SnH10C6O4,False
18953,MgAlAu2,False
18958,Ce3Mg2Rh4,False
18963,K2HgBiCl6,True
18970,CrGaRh2,False
18973,RbTlCl3,True
18977,Ta3W,False
18981,AlAgO3,False
18988,YbCaGa2,True
18994,WS2,False
18995,Be3Cu,False
18996,HoMn2,False
18998,Li3SiNiO5,False
19000,MgPd3,False
19009,Tm2IrPt,False
19013,K2Fe2SeS3,False
19021,LiMg2Ge,True
19024,Ba2CuN2,False
19042,Mn3V2Ga2Co,False
19050,ScFeO3,False
19054,Ac2TlCd,True
19057,P3Ru,False
19062,CrNi2,False
19071,NdGe,False
19074,LiAuS,False
19075,SrLa3,False
19078,WOF4,False
19079,NaSrN,False
19081,K2ScCuCl6,True
19084,Rb2NaSmCl6,True
19090,Mn3AlC,False
19092,Ca4CN4,False
19097,HfBi3,False
19098,Ta3Cu,False
19105,LiPm2Sn,False
19108,AlAgS2,False
19139,SnH18C10O4,False
19142,Ba2CdSn,True
19146,Cu3SbS4,False
19157,Ti2Si6W,False
19164,SrTiO3,False
19178,VS2,False
19179,BaP2Rh2,False
19191,H6C7SO,False
19198,LiPr2Ir,False
19200,NaMnO2,False
19201,H2C5S2O2,False
19203,K3Cu3P2,False
19209,LaCeSn6,False
19211,In3SbTe2,False
19213,TbPa,False
19224,HfMnN2,False
19225,Tm3Tl,False
19228,TbIr2,False
19231,CoSb,False
19239,Rb3PrCl6,True
19243,DyInAu2,False
19248,Ge2Bi2Te5,False
19254,Tl3Ag,True
19261,In3SbTe2,False
19262,Sr4Ti3O10,False
19273,Na2GeF6,False
19287,Ti2GaRe,False
19292,TcW,False
19294,CuPbO3,False
19302,Rb3ScF6,True
19304,H8C15S3,False
19307,Cr6BC3,False
19309,KMnAg3C6N6,False
19322,Zr3Rh,False
19332,Ho3Mn3Ga2Si,False
19335,Th3N4,False
19338,H6C10S2O,False
19348,Y3Cd,False
19352,SrLaGaO4,False
19356,Ca2TlCd,True
19357,TlCoW,False
19360,YbPmCu2,True
19362,Mn3O5F,False
19371,Ba2PuZnO6,False
19373,LuAlO3,False
19376,Tl2Au,False
19387,Na3BrCl2,True
19392,SrMn2BiO6,False
19395,HoBiPt,False
19401,InGaSe2,False
19402,InGa3,True
19414,InRh3,False
19419,YbSn,True
19420,CeAsPd,False
19423,SrCa,False
19424,RbSrCl3,False
19436,Ce2YSi2,False
19437,AlO,False
19454,KDyO3,False
19455,Al3Ni,False
19456,YbCaCd2,True
19468,LiPrS2,False
19474,Tl2FeCu3Se4,False
19486,MnVCr2Te4,False
19489,Li2InSi,False
19490,MgAgAs,False
19491,LaCeGe4Pt4,False
19493,YbSnO3,False
19499,Na2YF6,True
19501,ZrAlNi2,False
19506,Tb2CI,False
19508,HoHO2,False
19511,La2MgAl,False
19525,RbErO2,False
19528,H3Pd4,False
19534,UMn3,False
19547,VO2F,False
19548,BaSrFe4O8,False
19553,MgTi3,False
19554,HoEr,False
19557,BaScO2F,False
19558,HfTi,False
19562,SrPrVO4,False
19564,TiCl2,False
19565,CaCeZn2,True
19575,Cr6C3N,False
19581,K2NaPrF6,True
19582,TmScB2O6,False
19596,Al2HgSe4,False
19607,BiPd2Au,False
19614,Ga2TeSe2,False
19621,ThUCu4Si4,False
19629,CoSnO3,False
19640,MnTc2Sb,False
19641,NiP2O7,False
19645,ZrMo,False
19650,InPd3,False
19654,MgH2C3O4,False
19657,K3Rb,True
19660,Fe2P,False
19671,FeCoSe2,False
19679,K2HgAu,True
19689,TaCu3Se3S,False
19692,K2LiPrI6,True
19701,Cr3Os,False
19714,Li2P2WO8,False
19720,Zr2Al,False
19726,K2LiPrCl6,True
19735,SrCaCu2O4,False
19738,Li2CrNiO4,False
19739,MgPd3,False
19752,ZrCoH3,False
19754,LaTiAlPbO6,False
19757,LiMnF3,False
19762,PrMgIn,True
19769,Sr2MnRuO6,False
19770,Te3MoWSe,False
19773,K3InI6,True
19785,Ac3Y,False
19788,Fe4Te3Se,False
19793,K2Se,False
19794,LuAgSn,False
19797,MgS2,False
19799,Rb2PrAgF6,True
19802,Rb3SmCl6,True
19805,H7C8NO,False
19811,Ca2CuRh,False
19825,LiUN2,False
19856,Ca3Ac,True
19857,Rb2NaCeCl6,True
19859,H2C3SO2,False
19860,ZrScMnNi3,False
19861,Yb2AgAu,True
19862,LiAgO2,False
19866,KAlO3,False
19872,Na3ScCl6,True
19879,Al2CuPd,False
19886,NaAl3,False
19894,ZrCrFe,False
19895,Ba2HfS4,False
19897,PRh2,False
19899,AlFeF5,False
19901,CaAl2Si2,False
19904,MgH6C5O4,False
19906,PrSi2,False
19908,Dy2Zr2O7,False
19910,CoCu2GeSe4,False
19913,Rb2NaTaBr6,False
19926,ThBi,False
19942,NbFeB,False
19943,U3Si,False
19945,MnVCo4Si2,False
19946,H4C6S2O,False
19948,LaCeHg2,False
19955,Rb3ScBr6,True
19958,ErGa2Cu3,True
19960,ZrNb2VC4,False
19963,TbCuNi4,False
19970,TiMo2S4,False
19974,ZnH14C9O4,False
19984,KCaI3,True
19986,H2C2SO2,False
19994,Tl2WCl6,False
19996,Tl2Cl3,False
20000,ZnOs,False
20003,TbLi3,False
20004,Rb3ScCl6,True
20013,MnCo2Si,False
20019,Dy2S3,False
20024,NdSmIn2,False
20027,MnNi2Sb,False
20038,UBrN,False
20043,PaZnNi2,False
20049,CrFeB2,False
20052,Ca2PbAu,True
20054,DyErTe2,False
20060,NaMgAs,True
20065,Tb5O9,False
20076,SnH4C3O6,False
20077,TlBi2,False
20080,TbAgTe2,False
20083,H6C11S2O,False
20085,SiPd,False
20089,SnH12C6F2,False
20091,H3C2NO2,False
20093,ZnH2O2,False
20099,TaSnO3,False
20102,LiNi4O5,False
20105,CeGePd,False
20113,ZnH14C9O4,False
20116,LiPm2Pb,False
20118,CaSn,True
20120,K2HgBiF6,True
20133,KBiO2,False
20141,Y2MgMn2S2O5,False
20144,MgScZn2,True
20153,CrO2,False
20156,Na2CuI2Cl2,True
20158,CdPS3,False
20159,Al2CoO4,False
20161,Co2SiGe,False
20166,ThSeO,False
20169,CdH14C9O4,False
20172,NpTe,False
20175,YbErSe2,False
20176,ZrH6C5O4,False
20177,BaMg2Si2,False
20201,Ni6SnSb,False
20207,TeMoWS3,False
20217,Rb2NaIrF6,True
20218,Sr2CuO4,False
20221,HoMgAg,False
20228,BaTiO3,False
20231,TiMo2,False
20239,ZrSi2Ni2,False
20245,BaNbTc2,False
20246,Te2MoW3Se2S4,False
20264,Cu2GeS4,False
20270,K3InCl6,True
20277,Ga2HgSe4,False
20283,Cd3Ir,False
20290,Sm2Si3Pd,False
20293,ThSiIr,False
20296,TlPdPb,False
20303,Pm2RuPt,False
20307,LiNbTe3O12,False
20309,Rb2NdAgI6,True
20311,CeThCN,False
20315,Sm2P3Pt4,False
20327,LiPrO3,False
20334,SrCa,False
20340,H3C3S2N,False
20342,FeS2,False
20345,MgH6N2Cl2,False
20352,Rb3NdF6,True
20354,InSnTe2,False
20357,Li2TiO3,False
20377,Rb2AlAuBr6,True
20383,H6C12S2O,False
20388,MgV2O6,False
20392,NaO2,False
20395,LiThPt2,False
20396,Tl2F3,False
20400,Rb2LiBiI6,True
20402,BaMgCo4O8,False
20407,TiH6C4O4,False
20409,NaErS2,False
20419,LiSn3,False
20425,MnAs,False
20427,KLiS,False
20428,H8C13SO,False
20431,Sc2Te3,False
20434,LiThRh2,False
20437,Sm2Ga3Ni,False
20444,NaTlHg2,True
20464,LiZnN,False
20474,BaMg2Ge2,False
20478,ZrMnO3,False
20481,Li2Co3NiO8,False
20497,Li3TlF6,True
20500,Rb2TlAsI6,True
20516,Fe3W,False
20526,Mn2AsP,False
20537,Ti4Pd,False
20542,LiCr2O4,False
20544,Pr3B2N4,False
20547,Cr2HgS4,False
20551,K3NdCl6,True
20555,Y2V2O7,False
20563,Bi4Te3,False
20571,AlPd,False
20574,CrB2W,False
20580,PrLuS3,False
20595,NaZnP,False
20600,ErCu5,True
20604,Li2B4O7,False
20605,Na2AgRuF6,False
20608,MgHg2,False
20615,Mn2VIn,False
20622,TiCo,False
20625,SrHgO2,False
20628,Sm2CdNi2,False
20639,VIn3S4,False
20648,H4C2O,False
20655,CrSe,False
20659,Te2MoWSe2,False
20663,TmSe,False
20664,Sr2ZrMoO6,False
20668,CrB2Mo2,False
20673,K2RbTiF6,True
20675,Pr3Ag,False
20686,SrHf2Mo,False
20692,PmBeO3,False
20705,ZrCdN2,False
20713,SrCu2GeS4,False
20720,CaH2,False
20734,BaNdFe2O6,False
20755,MgRe3,False
20756,AgPd,False
20777,Dy2ZnAg,False
20781,Yb3CaIn2Ge4,True
20785,Sc2V2O7,False
20815,FeCo2N2,False
20817,Sr2PtAu,False
20822,HoAlNi4,False
20829,HfH6C5O4,False
20833,Li2VCrS4,False
20835,AlSiCN,False
20836,KIO2F2,False
20838,ErBiPd,False
20839,Ce3Hf,False
20843,K2NaMoCl6,False
20849,KTaPt,False
20857,Ce3SnN,False
20860,TeRuSe,False
20862,Nb2CuS4,False
20866,UGa3Ni,False
20873,MnV2Ru,False
20878,NdO2,False
20882,Li5FeS4,False
20893,TiVO3,False
20894,Nb6SiGe,False
20915,LaTi2O6,False
20916,U2SN2,False
20918,SrCdGa,False
20922,H5C5SNO,False
20924,Np3Al,False
20937,YbZn2Ge2,True
20938,Li2AlPd,False
20941,NdHoZn2,True
20944,Nb3In,False
20960,YMgZn,False
20962,Fe3O5F,False
20967,Li2MnFeO4,False
20974,VCdCu3Se4,False
20977,GaFeRu2,False
20978,SiP,False
20981,HfCuHg2,False
21003,HoTh,False
21010,Si2Hg6O7,False
21011,HfH8C6O4,False
21014,HoCo2Ge2,False
21021,BeZnS2,False
21023,CaH2C3O4,False
21028,NbSnS2,False
21039,NpPt3,False
21051,Li2UO4,False
21053,TiInPt2,False
21054,NbAlCo2,False
21059,DySiOs2C,False
21066,SiNi3,False
21070,Pr2Ga5Au3,False
21072,ScInP2,False
21076,La2AlGe,False
21077,Hf2TcIr,False
21080,MgCo3,False
21096,TmCo2Sn,False
21099,YbSi2Pd2,False
21105,Pm2CdGa,False
21114,YbB2Ru3,False
21124,H12PbC8O4,False
21125,HoIn,False
21126,Ti3Al5,False
21129,NaIrPb,False
21131,ZrH,False
21138,CdGeP2,False
21147,LiAgSe,False
21151,NaTiVS4,False
21170,DySI,False
21171,SnSb,False
21172,Ho2OsRh,False
21174,AlGaN2,False
21179,Ag3Sn,True
21198,Pr2Si3Ni,False
21213,RbScO2,False
21219,TbUTe4,False
21234,YbMgGa4,True
21239,LiAl2Pt,False
21246,NaSn2Pd3,False
21247,RbRhO3,False
21249,H8C11SO,False
21252,VPO5,False
21260,H8C7N2,False
21266,Rb2Zn3GeAs4,False
21268,H12PbC8O4,False
21274,PtO2,False
21276,TaMoN,False
21284,MnZn3,False
21294,SbI2F6,True
21298,ThMn2Co3,False
21304,HoPaO4,False
21305,Al2Si4O11,False
21315,K2NaPdF6,True
21318,FeAgTe2,False
21319,CeTh3,False
21321,Rb2BiAuCl6,True
21322,BaAg2S2,False
21328,HfH12C8O4,False
21331,Ga3Ag,True
21338,Ho2InOs,False
21358,LiCo2OF3,False
21370,LaTiTeO6,False
21371,LiCrSnO4,False
21380,BeReB,False
21392,PrSi2Ru,False
21394,MnAlFeCo,False
21396,PrGePd,False
21404,H4N2O3,False
21412,NaNbN2,False
21422,TeMoSe,False
21427,DyRh2Pb,False
21431,Rh2S3,False
21439,RbCaAs,True
21440,CaH4C4O4,False
21441,MnGaPd2,False
21442,KMnF3,False
21446,LiLuGe,False
21454,HoBO3,False
21479,K3Li,False
21489,WO2,False
21494,ErMgAu,False
21502,Yb2TlZn,True
21509,Ba2BeGa,False
21514,VO2F,False
21516,GaHO2,False
21520,DyThRu2,False
21522,CuB2O4,False
21529,Tb3Pr,False
21531,H4C6S2O,False
21532,NbNi3,False
21536,Rb3BS3,False
21538,Sm2CuO4,False
21551,Ba3Cr2O8,False
21562,Zr2AlN,False
21572,BaPrMn2O5,False
21573,AlCoN2,False
21577,La2Co2I,False
21578,Fe6O11F,False
21584,PrUS2,False
21586,Si3Ir,False
21587,Zr3S2,False
21594,H3C2O,False
21598,H7C6SN,False
21600,TiCrAg,False
21602,TaI2O,False
21617,Sb5IO7,False
21626,LiTiS2,False
21629,PrCuGe,False
21637,Li3Cu4O4,False
21640,SrTiN2,False
21641,Rb6Br4O,True
21666,Nb3Ni,False
21669,Ba2Fe4AsP3,False
21671,HoTlPd,False
21691,AlCoO3,False
21693,TmFe2Ge2,False
21695,HfThTc2,False
21701,NdCo2Si2,False
21706,Yb4Y,True
21708,Li2InHg,False
21716,Sr2Pb3,False
21726,ZrTi2O,False
21727,TaMoS4,False
21732,Sr2UInO6,False
21734,LiCu2F6,False
21740,AcFeO3,False
21750,KInBr3,True
21754,CaMg2As2,False
21755,TcIrOs,False
21771,TiZnBi2O6,False
21772,NdSi2Pt2,False
21773,RbDyS2,False
21779,ZrCl2,False
21781,Tm2TeO2,False
21784,YbLaPt2,False
21788,Mg2CoIrO6,False
21792,YAgTe2,False
21804,Br3N,False
21807,CrNiSb2,False
21809,AlH16C10ClO4,False
21817,SmSe,False
21831,LaF3,False
21832,MgH2O2,False
21833,Sr3SbN,False
21840,AuBrF6,True
21847,Er2CdOs,False
21856,NaAlH2CO5,False
21864,RbCuCl3,True
21865,Nb3Ni,False
21868,KHg3,False
21871,NdAg2Ge2,False
21874,Na3BP2,False
21875,HoPd,False
21881,FeS2,False
21885,Te2W3Se2S2,False
21888,NaMn2O4,False
21889,Mg3Cd,False
21898,UO3,False
21908,Nb6RuRh,False
21909,Sm2TeO6,False
21932,SiC2N4,False
21938,YbTlPd,True
21943,Pr2TlIn,False
21947,KY2Ti2S2O5,False
21949,Li2AlGa,False
21954,Ho2CdPd2,False
21957,K2NaAuBr6,True
21967,VFeN2,False
21969,Ca3GeO,False
21974,Cr3NiB6,False
21975,VCu3S4,False
21980,Al2B2Ru3,False
21983,NdZnAsO,False
21984,Pr3Y,False
21985,K2TlInCl6,True
21997,LaYMg2,False
22017,TbMgAg,True
22020,Rb3Na,True
22024,BaCaMn4O8,False
22028,TiPt,False
22041,TaSe2,False
22051,K2LiSbCl6,True
22057,Ge2Te5As2,False
22067,KBH4,False
22071,CdGa2Se4,False
22077,ZrNiBi,False
22080,KTlO2,False
22081,SrFe2N2,False
22082,BaSiTc2,False
22102,MgCuSn,False
22104,Te4Mo3WS4,False
22123,Na4S2O5,False
22134,LiAcHg2,True
22145,SmCrO3,False
22146,PrSi2Pd2,False
22151,CuSnRh2,False
22154,MgBi2O6,False
22160,K2RbAsBr6,True
22169,Rb2ZrO3,False
22174,Rb3FeF6,True
22181,TmBiO3,False
22185,Sc2ZnPd,False
22188,USe3,False
22196,SrZrZn,False
22200,KHgSb,True
22212,BaAg5,True
22229,BaC2,False
22230,HfSbRu,False
22246,Ta2CdBi,False
22247,HgOsPb2,False
22257,ZnH4C4O4,False
22260,TbCo2Ge2,False
22264,Sr3SmRhO6,False
22268,HoInAu2,False
22274,Li2CeN2,False
22277,LiSbSe2,False
22283,K2AgBiCl6,True
22295,H7C8,False
22296,ZrUAl4,False
22311,BeBiOs2,False
22317,SrAl2,False
22321,Ba5Bi3O11,False
22329,B2IrCl,False
22341,CaSc2O4,False
22343,KScO2,False
22349,CePrO2,False
22355,Ir4Os,False
22359,HgI2,False
22360,HoBRh3,False
22365,MnSe,False
22368,RbYO3,False
22382,InCo2N2,False
22383,Zr6CoCl15,False
22387,Rb2ScAuI6,True
22388,Sr3LiTa4O12F2,False
22389,TlI,False
22398,TaCoSb,False
22400,Al2Ru,False
22408,Ba2CaI6,False
22410,K2PtF6,True
22415,CdInS2,False
22419,Rb2PtF6,True
22423,YNi2O4,False
22437,Li3Bi,False
22441,ZnCl2,True
22451,Te2MoW3Se2S4,False
22458,V4C3,False
22460,YbFe2O4,False
22466,NbCoSb,False
22467,Mg2TiIrO6,False
22468,KZnSb,False
22480,BaMn4ZnO8,False
22481,RuF6,False
22487,Sr4LiCuC2O10,False
22491,BH9C3O3,False
22496,Er2Co3Ge5,False
22498,Co5O8,False
22505,Nd5AgS8,False
22510,HfBe2Bi,False
22514,YB2,False
22523,ZnH6C5O4,False
22532,SrBiAu,False
22550,LiCoS2,False
22553,BiBTe,False
22567,B4CCl6O,False
22575,H8C14S2O,False
22577,BaCaRu2,False
22579,WO3,False
22585,Nb2CuS4,False
22586,Sm2Se2O,False
22591,YbAlO3,False
22594,YbBiAu,False
22600,KAuSe2,False
22603,LaCoTc2,False
22608,KCl,False
22618,YCuO2,False
22620,AgAuO3,False
22627,HgAsO3,False
22629,ScHgW2,False
22636,BaY2NiO5,False
22666,IrW,False
22672,CaMoN3,False
22673,MgCr2N2,False
22687,Hf2CoP,False
22688,SmFeAsO,False
22690,HgB2C8N8,False
22697,HfSe3,False
22705,TbCd2,False
22710,Li2HN,False
22726,CeCrO3,False
22730,CaPr2Te4,False
22733,BaHgO2,False
22734,Rb2NbF6,False
22743,Te2MoWSeS,False
22747,AlB2Pb,False
22751,YV2S4,False
22753,UGe2Rh2,False
22760,CdO,False
22772,LiVSiO4,False
22782,CaHoTi2O6,False
22787,HoHO2,False
22790,NdSF,True
22800,Rb2TeBr6,False
22807,BaTm2NiO5,False
22812,Ir3W,False
22815,BaMg2Bi2,False
22821,NaH2Pd3,False
22839,Na4ReN3,False
22841,SrCd2As2,True
22845,BaYTiCuO5,False
22850,CaFe2O4,False
22862,LiTaW2,False
22890,Li2Ti2CoO6,False
22893,CsPbF3,True
22895,ZrTcCl,False
22902,LaF3,False
22903,VFe2Sn,False
22906,ZrS2,False
22911,Ca3Ti2O7,False
22912,MnAsRh,False
22913,H8C8O,False
22924,SrCrF6,False
22931,Sb3Pb,False
22938,Yb5Pb3,False
22939,ScAlAg2,False
22943,VO2F,False
22947,ThNi5,False
22959,Li5Sn2,False
22966,Li5VSi2O8,False
22972,Yb2Ge2Ir,False
22976,Cd2AgAu,True
22983,BaYCuAgO5,False
22992,CoRe2O8,False
23003,Li2BiO3,False
23011,VOF3,False
23015,YCuO2,False
23022,K2SnCl6,False
23023,MnVNi,False
23024,LiFeO2,False
23031,LiMnF3,False
23033,NaCuO2,False
23034,FeCoO4,False
23037,MgSiN2,False
23048,UCO5,False
23057,Y2Pb2O7,False
23064,Ag2S,False
23069,ErSnPt2,False
23071,Li3ZrNbTe2O12,False
23074,BeInSi2,False
23077,BiO2,False
23078,Cd3PCl3,True
23079,CoGe,False
23081,Mn2H2SO6,False
23082,NaO3,False
23095,NaBeH3,False
23096,CaPbO3,False
23099,TlBrO3,False
23106,SiAs3,False
23115,BaGe2B,False
23125,Si2W,False
23129,BaC2,False
23148,LiAuC2,False
23152,CdI2,False
23169,H12C10O3,False
23178,TlSbTe2,False
23184,Rb3Sb,True
23189,Na2Be2O3,False
23194,CrF6,False
23199,PrPt5,False
23200,Sr3Sc2Cu2S2O5,False
23211,KPH2O4,False
23218,Ca2CuBr2O2,False
23224,ScRu,False
23245,AlPO4,False
23268,Fe2SiO4,False
23270,InAgO2,False
23271,BaAgSb,False
23285,H14C9O3,False
23289,MnTcPd,False
23295,KRbS,True
23299,NiPbF6,True
23305,DyAgTe2,False
23306,CdI2,False
23326,BaBOF3,False
23331,Rb2CuH4Cl4O2,False
23341,TlCoMo2,False
23348,Li5CuP2O8,False
23355,CoBi2O6,False
23359,ScAuO2,False
23365,C3N4,False
23367,Li4Mn3NiP4O16,False
23372,CeNiSb2,False
23379,PbS,False
23390,Tb2Fe2Si2C,False
23398,MgGeP2,False
23399,RbCaH3,False
23406,WO2,False
23415,YUO4,False
23426,KTi2Bi,False
23433,Li3Sb,False
23434,H10C7O6,False
23440,NpCr2Si2,False
23445,Nb2O5,False
23447,CuI4,True
23450,AlCuSe2,False
23459,MoH4O5,False
23461,K2TeBr6,True
23468,SbHO3,False
23472,UBrO2,False
23486,NaClO2,False
23487,LiNd2HO3,False
23488,LaNiO2,False
23492,Ca2SiB2O7,False
23493,CaP,False
23496,LuVO4,False
23518,Ba2N,False
23520,NiO2,False
23525,MgSbF5,True
23526,NdSeO,False
23532,KNaO,True
23533,MnHO2,False
23535,ZrSnPd,False
23545,ScSbPd,False
23546,TcSO6F,False
23559,IrF3,False
23567,HfV2,False
23568,BN,False
23571,PdO,False
23573,ZnNi2O4,False
23584,VO2F,False
23591,ErSi2,False
23593,BaMnO3,False
23594,CeAl5Ni2,False
23599,YCrO3,False
23613,LaMnO3,False
23615,Li2CuSiO4,False
23622,UV2O6,False
23623,TaPbSe2,False
23643,MgSiO3,False
23652,K2RbPt,True
23655,MnSbIr,False
23659,SmVO3,False
23663,KH2N,False
23675,Li5CrCl8,False
23685,PrVO4,False
23687,NiH2SO5,False
23694,GaAs2W,False
23697,TbH2Br,False
23698,MnSe,False
23705,Rb2CaH4,False
23706,MgSn2N2,False
23707,AlTlO2,False
23710,LiFeSiO4,False
23721,Ca2CuIrO6,False
23726,Mg2MnIrO6,False
23733,TaAuBr,False
23736,SnOs2Ru,False
23745,Dy3CuSiSe7,False
23747,SrTeO4,False
23750,As2Rh,False
23764,Te2MoW3Se6,False
23766,VS,False
23774,FeAgO2,False
23781,YMoO3,False
23782,Ni2Ag3O4,False
23783,TaFeO4,False
23785,NdAu,False
23794,LiInSe2,False
23795,TaF5,False
23803,CeFeAsO,False
23816,Co3Sn2S2,False
23818,ScSnPd2,False
23819,CrHO2,False
23821,CrSi2,False
23828,Li3Ti2Fe3O10,False
23831,InSe,False
23833,LiSnPd2,False
23834,ZrIr3,False
23838,AgSnO3,False
23841,LiMgH3,False
23855,CdS,True
23857,BaYBr5,False
23859,SbRhO4,False
23865,ThSnI6,False
23875,PbS,False
23883,Mg2H2O3,False
23885,YAgO3,False
23892,MnO,False
23899,Li2Cu2F5,False
23901,BiSeBr,False
23905,Pb2SO5,False
23934,H5CNO2,False
23939,NaSrNb2,False
23946,AlAgB,False
23950,Mg2SnO4,False
23953,Sc2TiO5,False
23956,K2B2S7,False
23959,MoWSe2S2,False
23965,Sn2OF2,False
23968,Li2FeSiO4,False
23970,PrH3O3,False
23971,MnO2,False
23974,CaCuSi2O6,False
23976,Sc2O3,False
23983,MgCu2N2,False
23986,Zn2Hg2OF6,True
23990,MnCoSb,False
24001,BaTaB,False
24008,HOF,False
24012,ZnCr2N2,False
24020,AgI,False
24022,LiZnGe,True
24033,LuBi,False
24036,Ta3SeI7,False
24041,InSn2I5,True
24045,MoO2,False
24046,YZr5O11,False
24047,NdCoO3,False
24053,Mg3Si2H4O9,False
24057,CaSiO3,False
24059,MnH8N4Cl2,False
24064,Y3Sb4Au3,False
24070,KPt2S3,False
24081,SrAg2,True
24087,LiDyS2,False
24089,Mg2AgSbO6,False
24090,YMnF5,False
24093,LuTl3,True
24095,Sb2Se3,False
24102,VO2,False
24106,Cr2HgSe4,False
24121,PdSe6Cl2,False
24124,Sn3N4,False
24128,TcS2,False
24130,K2Sn2O3,False
24135,YbCuGe,True
24149,CuSiO3,False
24159,BaHo2NiO5,False
24160,BaNdCo2O5,False
24172,Al2CrCl8,False
24193,HC2O2,False
24211,CaZnSiH2O5,False
24214,CoP2,False
24218,MnCN2,False
24220,PbSeO3,False
24228,CeCd2Ag,True
24231,SnAu5,False
24233,SrLiNiF6,True
24239,NaHF2,False
24247,Mg3Ni2O7,False
24248,SmCu5,True
24254,NaNbO3,False
24256,Nb2CoS4,False
24259,ScAlO3,False
24260,H4NClO2,False
24265,VO2,False
24267,ZrP2H2O6,False
24268,VF2,False
24270,CaSi2Pd2,False
24275,Sr3NiIrO6,False
24276,Li3Mn3OF7,False
24277,Sc3CoC4,False
24289,SmTaO4,False
24290,As2Pt,False
24292,AgSbSe2,False
24298,FeHO2,False
24302,SbOF,False
24304,AlFe2Ni,False
24309,AlCuO2,False
24311,NaBeO2,False
24315,DyMnSi,False
24318,CuBrO2,False
24334,NaLuO2,False
24340,SiS2,False
24342,BaAg2,True
24353,Sr2SnO4,False
24359,BaBr2O6,False
24360,AlH3O3,False
24365,MgGeO3,False
24373,Co3SnC,False
24375,BaYAgSe3,False
24378,Rb3Sb,False
24382,Tl6SeI4,True
24387,BaYMnCuO5,False
24394,Ho2TiO5,False
24402,Tl6SBr4,False
24405,AlNi3,False
24411,CaSnF4,True
24427,B4PbO7,False
24432,SrC2,False
24436,LiZrO2,False
24439,CdTeMoO6,False
24446,Li6FeCl8,False
24447,Nb3O7F,False
24448,Al2Ge2O7,False
24449,BaH4O6,False
24450,Sb2Rh,False
24455,Li2CuF4,False
24457,LiInAg2,True
24458,HoGaO3,False
24464,BaPrCo2O6,False
24471,Fe3Ge,False
24473,MgCo2N2,False
24486,KAs,False
24491,AlH3O3,False
24493,CeCu2,False
24498,LiInGe,False
24507,BH3NF4,False
24509,Li7Cr2O8,False
24512,Zn2SbWO6,False
24513,MnNb3S6,False
24519,CaPS3,False
24522,Y2CdS4,False
24530,BeF2,False
24534,ZnSi2SnO6,False
24535,MnO2,False
24541,LiCaUF8,False
24547,SnTe,False
24569,SiB6,False
24577,RbNa2BO3,False
24583,CrH6SO7,False
24587,K2ZrB2O6,False
24597,CaDy2S4,False
24603,TaCo2,False
24616,LaGaO3,False
24621,TiO2,False
24622,CuH4Cl2O2,False
24630,CuSb2O6,False
24648,Al4C3,False
24652,AgI,False
24658,CrCo2O6,False
24659,Li2Ca,False
24667,CuClO2,False
24673,BaAg2GeSe4,False
24679,SrGa2Te4,False
24682,UGeAu,False
24684,SrTiO3,False
24694,CoO2,False
24699,K2GeAs2,False
24709,Ba3P4,False
24711,GaSe,False
24718,Ho2SO2,False
24728,BaYCuNiO5,False
24737,BaMnCO3F2,False
24747,Ba2NdSbO6,False
24748,HoSbPt,False
24756,MgCo2O4,False
24757,NdCuSb2,False
24774,Cd4OF6,True
24775,Rb2VCuS4,False
24776,CuBi,False
24781,Li2FeBr4,False
24782,KHCO3,False
24799,Ba2CaOsO6,False
24800,K2HgS2,True
24806,SnSe,False
24813,FeP2,False
24826,VZnF6,True
24836,BaYCuMoO5,False
24838,Ag3SnP7,False
24840,Sr4IrO6,False
24842,KMoPClO5,False
24846,UNi5,False
24847,Lu2MnS4,False
24848,LiTiPO4F,False
24853,Ba2MgUO6,False
24854,HoCuO2,False
24855,Tl2Pt2O7,False
24864,SrP,False
24866,Ho6WO12,False
24880,DyMg,False
24890,Ag2PdO2,False
24895,YAg3Cl6,False
24907,CdSnAs2,False
24919,SrCo2As2,False
24920,LiSi3Pd,False
24933,YSnPd2,False
24937,Tm3FeSi3,False
24943,BaReH9,False
24946,K2SnCl6,False
24953,ZnGeAs2,False
24954,BaOsO3,False
24978,USiS,False
24980,KLi2H3O3,False
24989,CaC2,False
24991,InOF,True
24992,BaAlCuMoO5,False
25005,Ta2Sn2O7,False
25012,TmCu2Ge2,False
25016,ZnB2Ir2,False
25027,Na3OsO5,False
25032,Yb2S3,False
25047,MoO3,False
25051,Cu2Hg2SF6,True
25055,K3BAs2,False
25056,B2W,False
25066,Li4Ti3O8,False
25070,TlFeSe2,False
25071,KS,False
25073,SrAs,True
25077,Li4NbO4,False
25078,Pb2O3,False
25080,ZrRh3,False
25091,AuClO2,False
25092,ErMg,False
25093,Mn3As2,False
25094,B13C2,False
25098,Dy3BWO9,False
25113,Cr2Te3,False
25121,Li2MgBr4,True
25126,CaV2O4,False
25127,FeO2,False
25134,LuH2ClO2,False
25135,SbH3OF6,False
25136,SmNi2As2,False
25149,CuAgS,False
25152,DyCuSb2,False
25174,Li3MnF6,False
25175,LiCoCuO4,False
25179,Ca2MgSi2O7,False
25180,FeH2O2,False
25185,Sr2Pb,True
25190,K2NiP2,False
25193,NaCrS2,False
25197,Li2RhF6,False
25218,LiMnF3,False
25219,FeF3,False
25222,NiO2,False
25227,Li2Mn3OF6,False
25250,K2NiAs2,False
25261,Te3Pt2,False
25268,HoTe3,False
25279,SmCuSe2,False
25285,TiO,False
25289,Li3CuS2,False
25296,GeRh,False
25297,BaBiO3,False
25298,CrAgSe2,False
25303,YbH2,False
25322,MoO2,False
25324,Pr2ZnIr,False
25327,Na2RuO3,False
25330,Bi2Se3,False
25333,CaSm2S4,False
25335,SrHfO3,False
25340,Sr4MgCr2S2O6,False
25365,Li2TiSiO5,False
25375,K2GeSe3,False
25379,TiS2,False
25386,BaYCuSbO5,False
25389,NaAgN2O4,False
25394,CsTaN2,False
25395,BaBiO3,False
25397,AsNO2F6,False
25401,BaCuB2O5,False
25405,Pr2SnHg,False
25408,BaYCu2O5,False
25410,Al2Si2O7,False
25411,TiO2,False
25422,C3N4,False
25427,W2Se3S,False
25431,MnPO4,False
25437,VO2,False
25442,CuBrO2,False
25453,Li2SO4,False
25461,BaHgS2,False
25464,CuHO2,False
25483,K3Na2LiTeO6,False
25489,TlCr5Se8,False
25491,NaCu3F7,True
25495,NaN3,False
25499,NaGe2N3,False
25514,KClO3,False
25520,MnO2,False
25522,HoAl8Fe4,False
25535,CdI2,False
25538,Ba2AlCu3O7,False
25539,TmCrO4,False
25541,Ho2Hf2O7,False
25543,Na6CdCl8,True
25553,RbAuF4,True
25555,Mn6O5F7,False
25556,VO2,False
25558,AsF3,True
25561,YCoO3,False
25566,NaHO,False
25578,La2MoO6,False
25581,Ba3BPO3,False
25583,FeCuS2,False
25590,SiO2,False
25593,CeP12Ru4,False
25602,AgClO3,False
25603,Fe2OF3,False
25613,Co3O2F4,False
25619,LiCd2Ni,False
25630,Ho3ScO6,False
25632,Ba2PrRuO6,False
25633,NbHO3,False
25651,KVS2O8,False
25655,Li3CuS2,False
25660,MgCoPO5,False
25670,Mn2OF3,False
25673,VO2,False
25677,Na2S,False
25678,FeAgS2,False
25683,Li4CO4,False
25690,Ti2BRh6,False
25691,BaMgGe,True
25697,Ba2NiMoO6,False
25699,CaP2H4O4,False
25700,LaC,False
25702,InFeO3,False
25708,Sb4I2O5,False
25713,LiMn2O4,False
25722,Mn3N2,False
25727,Li2O,False
25728,K3GeSe3,False
25733,CrO3,False
25736,Ti2MnPt,False
25737,DySi2,False
25738,CoF3,False
25741,SbPO4,False
25746,Li2TlSb,False
25749,GaSe,False
25757,NiH2O2,False
25763,Ba2SiSe4,False
25780,Rb3BP2,False
25782,UBi2O6,False
25785,HfZrHg2,False
25788,BaLiSi,False
25811,CaTiO3,False
25821,SiO2,False
25827,ZnTeMoO6,False
25831,Sr4LiB3N6,False
25833,Na2B2Se7,False
25843,AgN,False
25845,CaZn,False
25846,Zn2SiO4,False
25851,Sr3CaCr2S2O5,False
25852,MgFeSi2O6,False
25856,SrPbO3,False
25857,MgAl,False
25860,Ba2CaWO6,False
25865,BePRu2,False
25869,SiO2,False
25883,Mn2OF3,False
25884,NaLiICl,True
25892,Al3Bi5Br12,False
25893,MnFe,False
25899,HoP,False
25907,MgAl,False
25908,BaDy2PdO5,False
25910,Y2HgAu,False
25911,Nb3Te,False
25920,LiAgF3,False
25925,CrN,False
25928,InAgS2,False
25929,TiO2,False
25930,TeMoSe,False
25934,CaMn2O4,False
25935,CaNi2O4,False
25936,CaN,False
25945,SrCdAu2,True
25946,V4O3F5,False
25963,OsCl4,False
25969,NiS2,False
25982,ErTaO4,False
26000,Tb2O3,False
26042,TeN2,False
26044,KSi,False
26048,NaV2O5,False
26050,ErGaCo,False
26052,Nd3Se4,False
26055,LiSc2Al,False
26056,CuI2O6,False
26061,AgCl,False
26072,MoW2Se4S2,False
26087,H3S,False
26099,ZrI4O12,False
26102,CaMo2O5,False
26106,KCu3S2,False
26125,MoCl2,False
26132,CaAgP,False
26138,YVF5,False
26142,Li4CO4,False
26146,SrHg2Pb,False
26147,SnO2,False
26150,ScAgHg2,False
26156,TiAl,False
26158,WS2,False
26161,CaWF6,False
26163,UCd,False
26164,SmHg2,False
26176,Bi2TeO6,False
26182,BaCN2,False
26193,NaZr2MnF11,False
26211,Y3I7O,False
26212,LiCaTl2,True
26217,CaYZn2,False
26223,ZnMo2O4,False
26231,MgFeSiO5,False
26235,MgCrO4,False
26237,DyTe3,False
26243,Mo3Se4S2,False
26252,BaNaSn,False
26263,CrSe,False
26265,NdCd2,False
26266,Li4CO4,False
26286,LuNiC2,False
26288,PrCoC2,False
26293,MoN,False
26300,MoWO6,False
26301,MgSb,False
26303,Y2CuAu,False
26307,Mn4ZnS8,False
26310,MgSn,False
26319,NaCu2O3,False
26325,BaPr2MnS5,False
26328,KNaMnO2,False
26329,LiCa2Sn,False
26333,CeBiPd,False
26349,MgZr,False
26355,CoO2,False
26357,Mn2CoIr,False
26361,LiBiF4,True
26369,HfIr,False
26370,TiSe2,False
26374,Cu3SbS4,False
26398,Yb2KF7,True
26409,Zn3Os,False
26417,PPbW,False
26419,Li4CO4,False
26421,Au2O3,False
26429,Sb2Te3,False
26431,UH2O4,False
26433,CaFe4O8,False
26439,KCrF3,False
26440,LiNbO3,False
26441,BaSrFe4O8,False
26442,HfNiSn,False
26449,KNO2,False
26452,NaB,False
26457,LaTl,False
26460,In6Ge2PtO9,False
26469,RbBrF4,True
26485,AlFe,False
26486,TmLuRu2,False
26487,Bi2O5,False
26492,Te4Mo2WSe2,False
26493,Sr2Si,False
26495,TbAl8Fe4,False
26505,Y6UO12,False
26507,Co3Mo,False
26508,TbY3,False
26515,RbClO2,False
26523,CdCuF4,True
26527,NaTl2Pd,True
26534,Sr3Lu,True
26543,Tb3Yb,False
26544,AlNi,False
26545,HfMg,False
26549,TeO3,False
26557,TiO2,False
26562,MgMn2O4,False
26564,Mg3Zn,False
26565,CeSe2,False
26568,HfPt,False
26569,Na4CO4,False
26571,LiMnBO3,False
26573,NpMn3,False
26580,SmOF,False
26581,ZnCo4S8,False
26585,PrBi,False
26586,BiTe,False
26588,CaGe2,False
26590,K4CO4,False
26599,Mn2Sb,False
26601,Ba3Fe2Br2O5,False
26602,CaCo2S4,False
26621,YHO2,False
26622,MgTi2O5,False
26628,ScRu3,False
26635,Sm3In,False
26643,HoSb2,False
26645,Al2O3,False
26662,LiMg,False
26670,HfMg,False
26671,YVO4,False
26679,V2Zn3O7,False
26682,LaCd,False
26692,HgCN2,False
26703,KPrGeSe4,False
26704,LiTaOs2,False
26705,GeF2,True
26706,MnNi2Ge,False
26713,LaHoRu2,False
26718,MnAlF5,False
26723,HfPd,False
26732,Li7Br3O2,False
26745,CrPtO2,False
26746,AuC,False
26758,PrPd2,False
26759,CaTi4S8,False
26768,Li4TiO4,False
26770,NaCN,False
26771,Mg2Si,False
26777,YMnW2O8,False
26780,CaV4S8,False
26786,LiVO2,False
26788,CoSI,False
26799,AgB2,False
26809,Tm2CdSe4,False
26814,MnNi2Sn,False
26820,Li2NbOF5,False
26827,VNiSb,False
26828,ZnCoSi2O6,False
26829,SrMg3,False
26830,Mg3Bi,False
26835,LiMg2,False
26852,Tl2Ni3S2,False
26853,SnSe,False
26855,LaHg,False
26859,Sb2O5,False
26868,LaTe,False
26878,Ti2MnRe,False
26882,LiCu2O4,False
26890,TcN2,False
26896,Co3W,False
26898,TmLuIr2,False
26911,Rb2NaNiF6,True
26917,V2O5,False
26919,HfOs3,False
26922,MnAgPd2,False
26926,MnS,False
26928,DyYAl2,False
26930,Sm4FeSe6O,False
26933,V2OsRu,False
26937,Yb2K2O3,False
26949,CdSe2O5,False
26951,YErRu2,False
26964,Nb3B3C,False
26976,LuTlSe2,False
26983,YTlTe2,False
26992,AgCO2,False
26995,CrAs,False
26999,AlC3,False
27002,LiYF4,True
27012,Tl3Ir,False
27014,MoH2O4,False
27028,Ca2Sb2O7,False
27033,Sr2Be2B2O7,False
27040,CaTi2F10,False
27042,SrCu2O2,False
27050,Cu3Si,False
27060,NaY2In,False
27070,NaIO3,False
27071,KAuF4,True
27075,BiAsO4,False
27079,Lu2MgHg,False
27085,CaCo2Si4O12,False
27091,CuO,False
27092,Ge3Te,False
27095,RbSO2F,False
27102,AcMg,False
27103,PBr,False
27128,CeSe,False
27138,Lu3Si,False
27139,NaAlO2,False
27142,SnO2,False
27148,AlH3O3,False
27155,TmNiBi,False
27162,NbFe3,False
27177,TlBr,False
27187,SrSbAu,False
27204,YbBa2NbO6,False
27216,MgCo4S8,False
27225,MgNi3,False
27236,CeO2,False
27237,MgNi4S8,False
27240,TiNiSn,False
27242,CuS,False
27246,PbSe,False
27247,OsN2,False
27250,HfInAu2,False
27251,MgV4S8,False
27253,Ti4Bi2O11,False
27259,TmBi3,False
27264,V3Zn2O8,False
27272,TmLuZn2,True
27273,ZnN,False
27285,LiCu2PO4,False
27295,KBrF4,False
27303,Sm3AuO6,False
27305,CrBiO4,False
27306,Pm2GaAg,False
27313,RbFeF4,False
27322,Ho2PdRu,False
27331,AcInTe2,False
27342,Na2Be2O3,False
27351,ZrCl,False
27353,CaAu,False
27359,Si2O,False
27372,TmB4,False
27373,YThRu2,False
27374,Na3In,False
27379,NbS2,False
27381,TiGePt,False
27390,MgMnO2,False
27391,MnGaNi2,False
27394,NaCdIn2,True
27399,TiHgO3,False
27402,RbN,False
27406,Li2Ti3O6,False
27407,Li3Zn,False
27408,MnV2Re,False
27424,BRh,False
27425,NaCa2Al,False
27432,Mg2SnN2,False
27448,NaTc3,False
27449,MnPd2Au,False
27467,BBr3,False
27469,SiO2,False
27482,PaAlAu2,False
27493,Sr2SbAu,False
27495,LaBi3,False
27496,KLaS2,False
27498,ScTaPb2O6,False
27504,Na2ZnGeO4,False
27506,LiZn2Pd,True
27510,LiGa3,False
27521,Ho3P,False
27524,ZrBr,False
27534,LiErHg2,True
27537,MgCr2F12,False
27538,SiO2,False
27556,CaBiCO4F,False
27557,TmTe,False
27558,CeTlAg2,False
27562,CrPO5,False
27565,AgAu3,False
27567,NdRu3,False
27571,MgAl,False
27574,Ti2ReTc,False
27576,Sr2UNi,False
27579,Ba2MgCd,False
27584,BaGeO3,False
27588,MnGe2O6,False
27589,NaLiTl2,True
27607,BaMnF4,False
27616,CeAlAg2,False
27617,Mg3Ga,False
27623,Be3Ru,False
27627,Zn2NiN2,False
27644,YbInAg2,True
27647,CuSiIr2,False
27654,Sm3Te4,False
27672,NbZnRh2,False
27681,BaLi2Tl,False
27704,BCl2,False
27708,TiO2,False
27710,AgH,False
27711,Ca2ZnSn,False
27714,CuHgSBr,True
27726,MnAlCu2,False
27732,Ho2ZnRu,False
27735,YTaO4,False
27737,Mg3As2O8,False
27757,ZrBeRh2,False
27762,MoS2,False
27775,SiSe2,False
27777,HfO2,False
27781,NaBiPd2,False
27782,MoW2Se2S4,False
27783,CaCr4S8,False
27788,TmAlO3,False
27790,WN,False
27799,Ti3Ag,False
27808,RbSbS2,False
27811,Y2HgPb,False
27814,InAgO2,False
27816,BaPd2S4,False
27828,MgGa3,False
27835,TaTiRe2,False
27843,Mn2Ge,False
27848,La2ZnRu,False
27850,ScTiCo2,False
27853,LiPmHg2,True
27854,Ba2MgB2O6,False
27856,FeH3,False
27864,Zn2CoSbO6,False
27866,Li2CaTl,False
27871,VGaRu2,False
27873,Ga2RuPt,False
27882,WSeS,False
27883,Sm2IrRu,False
27894,LiZnPO4,False
27895,CaZn3,False
27896,MgSbO3,False
27897,AlP,False
27906,La2TlCd,False
27916,Li2TmIn,False
27921,Fe4O5F3,False
27926,NaPmTe2,False
27932,Al2Cu3Se6,False
27936,Hf2VRh,False
27940,Ba2S3,False
27947,CrFeTe,False
27957,Mn3Sb,False
27960,AlZnNi2,False
27961,LiZrSe2,False
27966,MnGaNi2,False
27971,K4CO4,False
27973,TmCdAg2,True
27980,EuS,False
27981,NpTe2,False
27991,Yb2SO2,False
27993,Ba2YRuO6,False
27995,MgTi2S4,False
28001,Li2VOF3,False
28011,ScI3O9,False
28016,EuSe,False
28021,Y2GaAu,False
28022,SbOF3,False
28025,TeO3,False
28029,EuZnGe,True
28031,Pm2GeAu,False
28045,Ga2S3,False
28051,Tb2Fe17,False
28053,NaN3,False
28070,TiMn2W,False
28072,MnCo2Ge,False
28074,TbCl,True
28101,TiNi,False
28108,YCo2O4,False
28110,GaNiRh2,False
28118,K3Re,False
28132,LiMg2In,False
28147,MoWSe2S2,False
28149,ScHgAu2,False
28153,Y2InCu,False
28160,CaW,False
28167,Zr2CoPt,False
28173,Zn3Sb,True
28174,LaBPt3,False
28179,Be2CuOs,False
28180,Mg2CdPb,True
28184,MgSnPt2,False
28195,Y2ZnPb,False
28196,MgRu2W,False
28201,Al5CuS8,False
28206,LiHg2Rh,False
28209,Ag2Te,False
28229,PdN,False
28231,MgCuPd2,False
28235,Hf2ZnOs,False
28239,Ca2ZnGe,False
28243,Al2CuO4,False
28247,Ba2MgIn,False
28264,CeCdHg2,True
28265,CaF2,False
28266,Sr2ZnGe,False
28291,CrH,False
28294,V2CrFe,False
28295,Ca2ZnGa,False
28297,Sc2AlAu,False
28304,FeS,False
28306,Sr3Bi2,False
28308,K2NaHg,True
28309,Cd3As2,True
28312,PdPb2Br6,False
28317,Ce4DyO9,False
28331,YCdAg2,False
28339,Li2CaMg,False
28357,CeCo2As2,False
28364,EuCdPb,True
28366,Al2Bi3O9,False
28386,Ba3As2O8,False
28392,Li2RhAu,False
28395,Mg2CoSbO6,False
28397,Co21B6Mo2,False
28403,BaSnS2,False
28411,CeOF,False
28416,SrLuCuSe3,False
28431,CrInCu2,False
28438,MnCo,False
28439,K2RbAs,True
28453,CaH2O2,False
28455,Ba2Sn3O7,False
28457,SiO2,False
28462,ZrTiAu2,False
28464,NiAgSe2,False
28465,MgSiN2,False
28476,Tb2O3,False
28498,SiSn,False
28500,Ti2MoAu,False
28509,ZnNiPd2,False
28521,Tl2HgSe,True
28523,NaCaHg2,True
28526,Zr2ZnPt,False
28537,Na2HgAu,False
28541,TiBe2Pd,False
28560,SnS,False
28562,MoP,False
28564,Mg2Cr3O8,False
28566,MnGaCo2,False
28571,PdN,False
28572,CaCo2O4,False
28583,Mg2Mn3O8,False
28587,CaMn2O4,False
28589,Sr3As2O8,False
28596,LaPbAu,False
28610,SrCaAg2,True
28611,Zr2AgPdF11,False
28612,LaSe2,False
28615,Tm2SeO2,False
28617,KNa2As,True
28623,AgTe6Mo6,False
28634,DyTaO4,False
28637,CaRhO3,False
28640,CaTl2O4,False
28641,Sr2TlIn,False
28650,FeMoClO4,False
28651,Li2PbO3,False
28653,SrHg2Bi,True
28656,LaTeCl,False
28668,PICl6,False
28675,Co2P2O7,False
28685,CuBiSeO,False
28686,TaC,False
28689,Te2MoWSeS,False
28697,BaTeO3,False
28705,CaGe2O5,False
28708,Li2UI6,False
28713,KNi2S2,False
28715,Er6Te2Ru,False
28721,Te2MoW3Se4S2,False
28725,BePRu2,False
28731,Pu2O3,False
28738,CrTcGe2,False
28741,Hg3Se2Cl2,True
28745,Rb3MnF7,True
28746,ZnOsO3,False
28751,SrHfO3,False
28754,Li8Bi2PdO10,False
28758,VN,False
28762,Nd2UTe4,False
28773,CeCo3,False
28781,ZnCr2F12,False
28783,Be2PdRu,False
28791,MgZrCd2,True
28798,MgVRu2,False
28799,MgNiPO5,False
28805,MgBi2O6,False
28806,KSn3Au3,False
28807,In2IrRh,False
28814,CeMg,False
28820,Sr2PdAu,False
28821,LiMg,False
28822,ErSb,False
28823,Sr3BiN,False
28824,ZrHgAu2,False
28828,MgZn3,False
28830,Zr2IrRh,False
28832,MnTc2Mo,False
28836,BaCu2SnSe4,False
28839,V4ZnO8,False
28846,Cu2Mo3Se4,False
28849,PtC,False
28851,ZnMo2O4,False
28853,Ca2HgAu,False
28855,TiS,False
28859,Li2AgAs,False
28860,LiMgIn2,False
28868,ScAgO2,False
28875,CaHg2Pd,True
28880,ZrO2,False
28897,GeTe,False
28900,Na3Co2SbO6,False
28907,InBi2Se4Br,False
28933,ZrScCo2,False
28938,BaNa2Pb,True
28940,SrMg3,False
28942,SbTe,False
28945,SrO,False
28955,Sr2PdPt,False
28958,MnBeRu2,False
28964,Bi2SO2,False
28979,BaDyFe2O5,False
28980,K2AgAu,True
28997,MoSe2Cl12,False
29019,CaNiO2,False
29033,Y2Ti2O7,False
29035,BaMn2Ge2,False
29038,Sr2CaUO6,False
29050,CaB2H2,False
29052,YCoO3,False
29057,RuO2,False
29058,RhC,False
29059,HgI2,False
29069,Zr2CuPt,False
29071,LiBe2Os,False
29076,TaIr,False
29087,NaFeO2,False
29096,HgOsO3,False
29097,BeCl2,False
29099,Ba3BiP,False
29100,Ba3PN,False
29105,TiGe2O6,False
29106,MgMn2O4,False
29119,Li4Cr3Co3Sn2O16,False
29123,Ba2Bi,True
29132,BaBr2O6,False
29136,SrBrF,True
29148,LiSbAu2,False
29168,Ba2UMnO6,False
29181,Li2HgBi,False
29187,Ga2O3,False
29190,MgTe,False
29195,Sr2PAu,False
29197,AlFeO3,False
29200,CaV2O4,False
29205,TiS2,False
29206,AlPO4,False
29211,CaFeO2,False
29218,Li2VF4,False
29220,MgNi4O8,False
29221,BaNdMn2O6,False
29231,MnAlF5,False
29238,Al2BiSe4,False
29254,Cr2CdSe4,False
29256,CaCr2F12,False
29258,CeFe4P12,False
29259,CaN2,False
29262,KSb2Se4,False
29265,Ca3Ga2N4,False
29267,NbAlO4,False
29279,Y3CuGeSe7,False
29280,FeNi3,False
29282,Ag2H3IO6,False
29286,Ba2HoRuO6,False
29298,ZnMo4O8,False
29309,Ti4ZnO9,False
29310,Ca3BiAs,False
29311,V2H3O5,False
29319,NbN,False
29330,Li2AgF5,False
29335,MgTa2O6,False
29342,Sr3SbP,False
29344,SiO2,False
29348,TiO2,False
29350,SrCdO2,False
29351,MoW3Se8,False
29358,ZrSeO,False
29359,CaB2,False
29364,Sc2Si2O7,False
29375,MgCr4O9,False
29383,CaMo4O8,False
29395,Fe3Ni,False
29406,RbAgCl3,True
29412,Nb2Tl2O7,False
29420,Ca2Mn2O5,False
29427,GaMo4Se8,False
29434,NbC,False
29441,ZnSn2O5,False
29455,CeSm2S4,False
29458,MgV2S4,False
29462,BaNd2ZnS5,False
29468,NbC,False
29485,BaMgCr4O8,False
29487,C3N,False
29490,MgVSF5,False
29500,LiCaCoF6,False
29501,Te2MoWS2,False
29503,Ho3Pu,False
29505,ZnCr2O4,False
29511,Ti2ZnO5,False
29514,SiO2,False
29515,K2NaRhF6,True
29520,Sr2YTlCo2O7,False
29524,BaVO3,False
29533,Te4Mo2WS2,False
29542,BC2N,False
29544,Tb3SiBr3,False
29549,KNaSO4,False
29563,Er2Ru2O7,False
29575,W2C,False
29593,BaH4O3,False
29606,MgCr2O5,False
29607,BaF2,False
29612,SrPdF4,True
29613,LuPO4,False
29618,Sr3AsN,False
29624,LiCoPO4,False
29629,Sr3BiAs,False
29637,CrN,False
29641,Li2MnF4,False
29644,BeSe,False
29648,MgMn2O5,False
29651,RhN,False
29653,Ce4B2N5,False
29654,NiN,False
29661,NaBC4O8,False
29672,ZrC,False
29677,Ni2SbTe2,False
29680,ZnFe2O4,False
29687,CaCr2O4,False
29698,PbC2O4,False
29717,CoO2,False
29722,Ca4SnS6,False
29733,C3N,False
29739,RbTe,False
29740,BaN6,False
29744,Pr2I5,False
29749,AgBC4N4,False
29750,Tl4GeS4,False
29752,ClO3,False
29766,CuNi3N,False
29776,CoSi2O6,False
29778,LiYCu2P2,False
29788,Ti6Al16Ni7,False
29790,CaV2O4,False
29793,MgSb2O4,False
29794,KLi2Mn2O4,False
29796,MgNiGe2O6,False
29799,Er2Mg,False
29800,Sr3BiSb,False
29803,FeW2O8,False
29812,H4BrN,False
29821,MnZn2SbO6,False
29840,NpN,False
29846,MgVO2,False
29849,MgMo2O5,False
29855,UBi,False
29859,Dy2Sb2O7,False
29860,MoP,False
29862,OsN,False
29866,Zn3P2,False
29867,BeC2N2,False
29873,Ba2YSn3O8,False
29875,ScP,False
29887,Ca3BiN,False
29893,Al2Ru,False
29897,Ag2SnHgSe4,False
29900,MgVP2O7,False
29907,CrGe2O6,False
29928,CaV2O5,False
29929,MgSb4O8,False
29933,Mg2CuSbO6,False
29936,Tb5BiAu2,False
29941,CaIrO3,False
29946,MgAg2O4,False
29947,SbO2,False
29957,Ti2InCo,False
29975,YSn2O4,False
29976,NpN2,False
29980,MgMn2O4,False
29981,YFeO3,False
29982,DyTlTe2,False
29986,VZn2SbO6,False
29998,BaMgPb,True
30003,CaCuO2,False
30005,Rb3Ge4Au,False
30018,KNaPrTaO5,False
30020,OsC2,False
30033,BaH4O3,False
30037,MgVF4,False
30040,Li5AgF8,False
30051,Ca3SbAs,False
30056,CaCo2O5,False
30062,ThRh2,False
30068,MgCu2O4,False
30069,Pa3Mo,False
30072,CrN,False
30077,Mg9Sn5,False
30091,AlGaN2,False
30093,CrP2O7,False
30094,FeP2O7,False
30101,MnReO4,False
30103,MnPO4,False
30108,Fe2O3F,False
30111,HfN,False
30115,DySb2,False
30120,PtCl2,False
30131,MoO2,False
30132,KTiS2,False
30133,Sb8Cl2O11,False
30136,Li3CuP2O7,False
30138,SrCaC2O6,False
30141,AlBN2,False
30142,MgF2,False
30147,DyAu,False
30152,ZnSiO3,False
30154,HoAs,False
30169,Dy2Nb2O7,False
30170,Ba2Sb3O8,False
30171,NaCuO,False
30188,TbCdF6,True
30189,CoO2,False
30199,MgAgSb,False
30205,LiYSe2,False
30210,Ba2AlTlSn2O7,False
30211,VCo3,False
30213,MoSeS,False
30214,CrNiSb,False
30215,ZnAg2O4,False
30218,AlSb,False
30221,Si2Ru,False
30226,NaLi2As,False
30229,SrSnHg,False
30242,Te2Mo3WSe2S4,False
30243,HfPt3,False
30247,ZnRhO3,False
30257,CeBiPt,False
30258,MoO3,False
30260,Ti4P3,False
30263,NaCo2O3,False
30272,CrO3,False
30275,UBr4,False
30278,Ce2Zr2O7,False
30290,Nb3TeI7,False
30294,SnSe,False
30322,Sr2HoReO6,False
30336,BiF4,False
30339,UB2Rh2C,False
30357,Al3CrO6,False
30363,CrInCu2,False
30372,Nb2ReO8,False
30374,FeCN2,False
30387,AlCo2Si,False
30391,TiMnV4O12,False
30395,KRb2ScF6,False
30402,ErPu3,False
30407,ThAu,False
30414,FeH3,False
30430,ZrAg2,False
30440,CuRh2Se4,False
30443,AlF3,False
30449,NaMgF3,False
30457,CrNi3,False
30462,CeSe2,False
30482,TaN2,False
30487,K2SrNb6Cl18,False
30490,Fe4O3F5,False
30494,YBiPd,False
30499,SmAl8Cu4,False
30512,CdH2O2,False
30513,Rb2NaVF6,True
30528,UOF4,False
30546,CrN2,False
30549,MgNiH3,False
30550,U2SnPd2,False
30551,ErFeC2,False
30563,Te6MoW2,False
30564,TaTi2N3,False
30565,LaCuPb,False
30567,NpSi2Ni2,False
30571,K2GeI6O18,False
30575,LiVOF4,False
30579,VS2,False
30585,Tc3P,False
30587,YbBiPt,False
30588,In3AsSe3,False
30599,Li4Mn3FeB4O12,False
30606,MoWSe2S2,False
30626,CaSe,False
30631,YSb2,False
30633,Te3MoWSe,False
30647,Te4MoW,False
30651,LiNdHg2,True
30654,InAgS2,False
30661,LiReO3,False
30664,NiPb,False
30665,SiO2,False
30673,Pb3O4,False
30675,LiPr2IrO6,False
30680,CrFe3,False
30683,YAu2,False
30685,Ag5SbS4,False
30694,TbCuSn,False
30696,CdGaRh2,False
30698,RbNO3,False
30699,Ca3SiBr2,False
30701,Ba3BiSb,False
30708,Sc3Hg,False
30714,AlV4C3,False
30715,SnPd3C,False
30723,Sm2AlNO3,False
30730,ZrCd,False
30733,Sc2PdPt,False
30782,MgTi2S4,False
30791,MgAlPO5,False
30793,AlCr3B4,False
30799,CeRh,False
30805,UB2C,False
30806,SmAs2Pd2,False
30807,LiTmIn2,False
30811,Ce3Cu,False
30816,Al6Re,False
30822,PrAgHg2,True
30826,BaEr2F8,True
30827,Al6Ru,False
30828,CeTeCl,False
30832,V3P2O8,False
30836,TmSbPd,False
30837,Cr3Ni,False
30841,CeTlCd,True
30852,CaSnF6,True
30854,SrHgPb,False
30855,Mg4Ta2O9,False
30858,TmSi2Os2,False
30878,LiAc2Ir,False
30884,YbBO3,False
30885,Al2FeCo,False
30889,MnH2O2,False
30890,Re2N,False
30893,Tc3N,False
30899,ZrPd3,False
30904,YMoO3,False
30910,Ac2AgIr,False
30911,Mn2MoP12,False
30925,PaInPt2,False
30926,Be3Cd4Si3SO12,False
30928,TiPd2,False
30940,Ho2NiB4O10,False
30942,Li2MnF6,False
30948,TiVO4,False
30954,Li2CaHfF8,False
30958,Pr2SiTeO4,False
30959,Al2IrRh,False
30961,GaFeNi2,False
30964,CoAs2,False
30965,Sm3OsO7,False
30976,BaPd2O4,False
30978,ErSi2Rh3,False
30981,LiDy2Tc,False
30986,TbGeAu,False
30993,K2P3,False
30998,AgSO4,False
31007,Ti2CrTe4,False
31010,YSi2Ru3,False
31020,NpNi5,False
31023,ZrRh,False
31024,AlInCl4,False
31025,ScTaOs2,False
31027,TiFeCoGe,False
31038,DyNi4As2,False
31039,Ba2AsAu,False
31041,Ba3Bi2,False
31042,NiW2O8,False
31045,Te3W2Se,False
31050,CeSn3,False
31051,Ti2Rh,False
31052,PaZnAu2,False
31055,LuMgAu2,False
31058,Pm2MgSi,False
31064,LuMnSi,False
31065,TbBa2ReO6,False
31069,Ba3BiAs,False
31070,MgSnO2,False
31073,Ba2DyReO6,False
31076,BH3,False
31081,AcMgTl2,True
31092,Sc2NiPt,False
31099,CuTeO3,False
31106,GaBi,False
31122,HoB2C2,False
31123,HgH12Cl2O14,False
31125,BiB,False
31127,Ho7FeI12,False
31128,NdAl4Co,False
31135,SrSnPt,False
31137,HoS2,False
31138,YBPd3,False
31140,Ba3CrN3,False
31144,Ti2VTe4,False
31147,Te4MoW3Se4,False
31149,Sr3CrN3,False
31150,SmAlAg2,False
31153,Er2CdIn,True
31154,Sc2AgHg,False
31156,AlV2C,False
31160,SrPIr,False
31161,NiF3,False
31166,ThBe13,False
31172,YBPt3,False
31183,RbUCuS3,False
31190,ReC2,False
31212,ZrIn2,False
31220,PmCdAu2,True
31222,LiPm2Ga,False
31236,Y2Hf2O7,False
31243,H5NO,False
31245,UNi4P2,False
31251,CaMn4S8,False
31257,YbH3Pd,False
31268,Rb2HfF6,True
31274,SiIr3,False
31281,ReC2,False
31283,Sr5As3,False
31284,Nb5Si4Cu4,False
31288,MoO3,False
31290,Mg4Nb2O9,False
31299,YbNiH3,False
31301,Ho2Mg,False
31309,MoWSeS3,False
31318,ZnN2F4,False
31319,CrCo2Bi,False
31321,Sr3Sb2,False
31324,AlSn2O4,False
31327,LiMg2Ag,True
31343,ScZn3,True
31347,Rb2ThF6,True
31349,Rb2TiSi3O9,False
31350,LaP12Ru4,False
31354,Hf2N,False
31358,Sc2RuRh,False
31361,Cd2FeC6N6,False
31362,UAs,False
31366,KEr3F10,False
31372,HoTe2,False
31376,PmCdPd2,False
31379,CeZrO4,False
31390,UFe4P12,False
31396,Er2CuRu,False
31397,Ta2N3F,False
31415,LuAgO2,False
31417,ScS2,False
31420,NiAs2,False
31423,PaZnRu2,False
31424,CrCo2Sb,False
31431,SrP3,False
31436,PmAu3,False
31441,K2Li14Zr3O14,False
31445,DyAlAg2,False
31446,DyTlZn,True
31454,CdInPd2,False
31460,CaInAu2,False
31464,ZnPd5Se,False
31466,Rb3TaS4,False
31467,CaYRh2,False
31470,Lu5SbPd2,False
31477,Li8PrO6,False
31481,RbBe3ZnF9,True
31483,Ba2CaIrO6,False
31490,Mn2SiRh,False
31492,CePO4,False
31497,VAgP2Se6,False
31498,TbLi8O6,False
31501,Fe5SnO8,False
31502,Sr2ZrO4,False
31512,ScReTc2,False
31529,Fe3Se4,False
31535,PmCu2Sn,False
31537,V4SiSb2,False
31541,KF,False
31545,Te4MoW3S4,False
31546,Nd2MgTl,False
31555,NaCeAu2,False
31559,Sc2CuTc,False
31560,Fe2W,False
31564,Na2Mg5P4O16,False
31566,Zn2RhAu,True
31567,NaCa3IrO6,False
31568,DyZnIn,True
31571,PuS,False
31575,TbMg2,False
31584,PaC,False
31585,MnSe2,False
31587,Dy2InPd2,False
31590,YB2Ir2,False
31592,LiAg3,False
31601,AgTeO3,False
31614,TbInRh2,False
31618,TeMo2SeS2,False
31619,CrN,False
31621,BPO4,False
31624,BeGaRh2,False
31626,CeSi2Ir2,False
31627,TaFeP,False
31628,NaAcTe2,False
31631,HoTl3,True
31636,SrIn4Ir,False
31637,MnGaRu2,False
31638,PmDyMg2,False
31640,C3N,False
31646,LiAc2Ga,False
31654,InAs,False
31666,Sc2TcAu,False
31668,Mg2Ni,False
31674,LiAlRh2,False
31679,In3Co,False
31680,Hf3Si2,False
31684,Dy2CuOs,False
31686,CeFeO3,False
31691,RbCu4S3,False
31701,Er2NiIr,False
31705,TbNi4B,False
31711,Sr4Bi2O,False
31714,Tm6CoBi2,False
31717,NaH3CN4O,False
31722,Sc2TcAg,False
31730,PmPbAu2,False
31732,HfRu3,False
31746,CeB4,False
31758,YHO2,False
31763,PmGaAu2,False
31770,YbGePt,False
31773,TbTe2,False
31777,MgH2O2,False
31778,Ce2CN2O2,False
31788,MoBr3,False
31789,ScBRh3,False
31790,Te2MoW3Se6,False
31792,CeSi2Ru,False
31794,Pr2CdPd2,False
31796,Sc2SiB2Ir5,False
31806,Mg2Cu,False
31809,TaSiRh,False
31810,PmSbAu2,False
31818,Dy2CdPd2,False
31821,ZnCuPd2,False
31831,Hf2ReIr,False
31832,CaCl2,False
31840,DyCdHg2,True
31851,Dy2ZnRu,False
31854,PrNiGe3,False
31862,CaMo6S8,False
31865,K3NaS2O8,False
31869,Lu2MgOs,False
31873,Zr4Pd2O,False
31874,Dy3CuSnS7,False
31875,LiBePd2,False
31880,Te2MoW2S4,False
31884,Na2BH4ClO4,False
31890,MgGaNi2,False
31891,K2Ge2Pb2O7,False
31899,NaAlPO4F,False
31909,ErCuSn,False
31919,Pm2ZnPb,False
31923,Rb2MgCl4,True
31928,Nd2IrRh,False
31930,HoTlTe2,False
31931,ThAsS,False
31942,Na2MgAlF7,True
31947,LiBePt2,False
31955,TaGe2,False
31957,Ta2VOs,False
31974,HoZn,False
31980,CaAs4Rh6,False
31983,MnCu2SiTe4,False
31986,HfMgIr2,False
31987,NdSn3,False
32003,AlH3O3,False
32010,HfSiMo,False
32011,Ac2CdSn,True
32014,Sm2Ge2Ru,False
32016,Yb2Ru2O7,False
32021,Hf2In5,False
32027,TbCdRh2,False
32033,Tm2MnOs,False
32035,CuSO4,False
32038,MnIr3,False
32044,InAsPd5,False
32049,Al3Ir,False
32052,LiAsPd2,False
32058,ThSi2Ru3,False
32071,Lu2AgRu,False
32073,OsN2,False
32076,HfTc2Sb,False
32081,ThPSe,False
32082,Te2Os,False
32089,NdAgHg2,True
32092,HfTaRe2,False
32095,SrClF,True
32098,Zr3ZnN,False
32104,LiMgSbPt,False
32110,USe,False
32111,H2SO4,False
32112,Ca3Zn2Cu2P4,False
32113,CaSmCd2,True
32116,Pr2AlCo2,False
32121,Ba2NbFeO6,False
32128,Ni3SnP4O16,False
32129,Y2IrPd,False
32130,NiBi,False
32135,CoMoP,False
32136,Tl2Ru2O7,False
32137,Sc2GaTc,False
32138,Nb5N6,False
32139,TmNiGe,False
32140,Er2FeSi2,False
32146,Fe3O4,False
32147,K3YF6,True
32148,Sc3P2,False
32149,SrGePt,False
32154,CdAsPd5,False
32155,Dy2AgOs,False
32161,PdSe,False
32166,PaSb2,False
32171,Te2MoWSeS,False
32190,CeGa2,False
32199,YSnPt,False
32200,YbCoB4,False
32203,CaMgPb,True
32206,Cr2CuTe4,False
32212,Dy2AgIr,False
32220,CuI,False
32222,Nb3Sb,False
32230,MnV3,False
32233,Li5Mg,False
32238,VBiO4,False
32240,ZrIn3,False
32246,Te4MoW3Se4,False
32249,NaClO4,False
32253,MgH4Cl2O2,False
32263,DyAl3,False
32267,ZrGa5Co,False
32269,Sr2MgIrO6,False
32286,MgGa2O4,False
32287,AcTlTe2,False
32292,TeMoWSe2S,False
32294,TiFe2,False
32306,PmSi3,False
32314,VCo2Ge,False
32319,DyGa3,True
32322,Ag2GeO4,False
32328,HoHg3,True
32329,Mo2C,False
32330,Sm3Co2Ge4,False
32334,Nb3Os,False
32336,Li3PrBi2,False
32342,Lu2PdPt,False
32358,DySiPt,False
32360,MgZrPd2,False
32364,Pm2SnAu,False
32367,NbGeIr,False
32369,Pr2CdNi2,False
32385,LiCa2Rh,False
32398,HoGeRh,False
32400,HoO3,False
32402,Sc2InAg,False
32411,TbNiSn,False
32415,DyB2,False
32416,Pm2SnPd,False
32433,YbNi2,False
32442,NiCl2O8,False
32453,CeB2C2,False
32465,Lu2ZnOs,False
32471,TaNiB2,False
32475,HoSb2,False
32476,Ac2CuSn,False
32485,BiO2,False
32493,LuGaRh2,False
32494,LiMg2Hg,True
32498,Sc2AlTc,False
32500,Tl2CdTe4,False
32505,TaNi2Te2,False
32508,Hf2GaSb3,False
32511,U2F9,False
32512,LiHo2Rh,False
32526,Li5BiS4,False
32528,Y2CN2O2,False
32535,TbBi2ClO4,False
32539,Er4Sb3,False
32548,Li5Cu4P6,False
32560,MoW2Se4S2,False
32563,Dy5Si3,False
32583,HfGa2Co,False
32586,LiBeB,False
32590,RbEr3F10,True
32593,HoSi2Pt2,False
32595,In3Rh,False
32607,U3Co2Ge7,False
32608,GaPPd5,False
32610,AcTlAg2,True
32625,DyAg,False
32626,HfV2Ga4,False
32631,YbTl2Cd,True
32637,XeO2F2,False
32647,PaPt3,False
32653,KWO3,False
32655,ReCl4,False
32663,Fe7C3,False
32668,CdS,False
32670,KO2,False
32682,Ti3B4,False
32684,PmYMg2,False
32692,Li2Pt,False
32693,CaSnHg,True
32704,SmSb,False
32710,Ba3Si2B6O16,False
32715,VZnRu2,False
32724,DyIn3Cu2,True
32746,KSbO3,False
32762,BaZnSO,False
32763,MgFe6Ge6,False
32765,NaNdHg2,True
32770,Mg2Sb3O8,False
32772,MnTlCl3,False
32777,Sr3Hg2,True
32795,TiGaPd2,False
32796,Mo2WS6,False
32800,Dy2ZnIn,False
32802,LiSmTl2,False
32804,BaPrO3,False
32823,U3Te4,False
32826,Lu2NiRu,False
32831,YbCuSi,False
32833,TmCu4Ag,True
32837,YbNdHg2,True
32839,DyMgTl2,True
32847,HfPaTc2,False
32849,CaLaMg2,True
32856,TeMo2SeS2,False
32857,Pm2CuOs,False
32868,Sm4Mg3Co2,False
32893,Na2Ti2As2O,False
32895,LuCdAg2,True
32907,Tb3CuGeSe7,False
32919,Na2PtO3,False
32928,TaCr2,False
32932,KAg3Te2,True
32934,KCu4AsS4,False
32936,MoS2,False
32937,AlCu2Re2,False
32942,K2InP2S7,False
32948,DyZrRu2,False
32958,Ca4Cl6O,True
32960,Ba2InClO3,False
32971,V2P,False
32972,Mn3Al10,False
32977,AcMgCd2,True
32979,LiSm2Ir,False
32985,MnBe2Pt,False
32987,SiO2,False
32989,PaTe3,False
33001,KNiIO6,False
33002,AcAg,False
33003,K2MnNb6Cl18,False
33011,YbPaRh2,False
33021,VSiRu2,False
33023,LuOs2,False
33025,MoSe2,False
33033,NaSrAu2,True
33043,Pm2AgIr,False
33044,MnCuPd2,False
33045,SmAgHg2,True
33048,UNiSn,False
33049,Sm2Re2Si2C,False
33057,Lu2AgOs,False
33059,ThHg2,False
33082,BaCa3O4,False
33084,YbNiSn,True
33088,LiDy2Ru,False
33093,AgHg2PO4,False
33106,LiSm2Os,False
33108,Sr2CuI2O2,False
33113,UGeIr,False
33118,LiTm2Ir,False
33119,BaMgAg4O8,False
33123,PaSe3,False
33126,LuThRu2,False
33127,PH6NO4,False
33139,CrSbP2O8,False
33140,Re3As7,False
33147,SiO2,False
33148,NdGa3,True
33149,LiGa2Ni,False
33152,Ca2AgWO6,False
33160,Li5CoO4,False
33164,HfCdCu2,False
33169,BaPb2C2O6F2,False
33171,DyTmMg2,False
33175,V5As3,False
33181,PmMgZn2,True
33186,LiVFeO4,False
33190,Al3Cr,False
33199,YbGaRh2,False
33205,MoW2Se2S4,False
33208,LiTiAsO5,False
33212,LiMnVO4,False
33216,ScV2Ga4,False
33219,ErMgHg2,True
33226,Lu2Ni3B6,False
33229,Yb2AgRh,False
33230,PtS2,False
33238,LaBiAu2,False
33239,LaCdAg2,True
33242,TmCdHg2,True
33244,Yb2CuIr,False
33246,CoPtF6,False
33250,Te2MoWSe2,False
33258,LiPm2Ru,False
33278,U2Fe12P7,False
33283,HfZnCu2,False
33285,HoSiIr,False
33296,PrCo2As2,False
33300,Sc2ZnIr,False
33301,DySiIr,False
33309,TiCoAs,False
33311,Na2LiN,False
33312,TmNi4B,False
33313,DyCoSn,False
33317,YbTmRh2,False
33319,SiC,False
33334,TiAlRu2,False
33347,Lu2CuPt,False
33351,HfZnCo2,False
33354,UP2S6,False
33356,YbHgPd2,False
33364,Y2TlAg,False
33365,BaBiClO2,False
33366,TiMn2P12,False
33372,Na4Bi2O5,False
33378,TmGa5Co,False
33379,YbMg2,False
33380,Sr3CoC3N3,False
33387,Ac2ZnGe,False
33389,NaSr2Tl,True
33395,YZnSn,False
33396,MoW2Se2S4,False
33399,PrAl3,False
33403,Er2CuOs,False
33405,Li2CaGe,False
33409,Ca2ZnRh,False
33412,Tb2IrPd,False
33414,HfBe13,False
33418,Pd2N,False
33420,Ba2SnHg,True
33427,RbGeIO6,False
33430,Te2Mo3WSe2S4,False
33431,YbNaAu2,True
33434,Mo2WSe4S2,False
33441,YbBa2TaO6,False
33445,NaLiPt,False
33446,LiHo2Ir,False
33451,YbNi2P2,False
33461,Tm2ZnRu,False
33463,CaAcHg2,True
33477,TmZnRh2,False
33478,Yb2AgBi,True
33479,SiO2,False
33481,LaMgAg2,False
33482,SrInHg2,True
33507,YbSmHg2,True
33509,Ac2SiPd,False
33510,Dy7Te2Ir2,False
33511,NaPrSe2O8,False
33521,CrCdF6,False
33522,SmYZn2,False
33523,Co2CuS4,False
33528,AcInHg2,True
33558,TiPt3,False
33559,Ta2NbOs,False
33566,TbTl3,True
33575,Bi2Os2O7,False
33581,ZrPbS3,False
33582,UB4,False
33584,Rb2CuF4,True
33588,TiSiTc2,False
33596,PPbSe3,False
33603,YbB4Os,False
33609,YbZnAu2,True
33611,ErNi2,False
33613,SmBi2BrO4,False
33623,LiZn2Pt,True
33628,YbEr2S4,False
33632,AcAgHg2,True
33633,MnCr2Se4,False
33638,LiZn2Ni,True
33647,PbCl2O4,False
33663,RbAcTe2,False
33665,ScGeRh2,False
33671,Tb2C3,False
33685,LiZnPd2,False
33688,ErAl3Ni2,False
33693,Y2MgRu,False
33698,ScCoC2,False
33703,ScGa2Ru,False
33719,YbSnRh2,False
33721,DySeClO3,False
33725,ScCuO3,False
33730,CeMgAg2,False
33734,TaTiOs2,False
33737,K2SnAu2S4,False
33740,Er2ZnCu,False
33745,HfInNi2,False
33746,Tm4InNi2Ge4,False
33748,Te2MoW3Se4S2,False
33753,Pr3Si2S8I,False
33760,HfTaTc2,False
33761,YbSmRh2,False
33765,HoLuTl2,False
33769,Pm2HgGe,False
33772,SrCdHg2,True
33777,Al2FeIr,False
33779,Ti2MnCo,False
33787,Tm2MgIr,False
33788,Te4Mo3WSe2S2,False
33792,Te4MoW2S2,False
33802,TiCoO3,False
33808,YbScRh2,False
33810,Pr3MnAlS7,False
33811,Ba2CaTeO6,False
33817,K3Sc,False
33838,Te6MoW3S2,False
33842,PmAg3,False
33847,SiGeN2O,False
33848,LiZr2Re,False
33850,Te2MoW3Se4S2,False
33852,VSiPt,False
33858,TmAl7Au3,False
33871,CuBiPbS3,False
33881,Li2AgHg,True
33884,K3SmAs2S8,False
33887,SmLu3,False
33891,PrMgRh,False
33895,Hf5Ga3,False
33896,Ta2O5,False
33904,Lu2AlZn,False
33906,WC,False
33913,PrBi2ClO4,False
33918,ZrSiPt,False
33925,HoLuZn2,True
33926,VCo2Se4,False
33929,YSi3Ni,False
33939,Er2S3,False
33944,Hf2TcRu,False
33945,MgInPd2,False
33953,ScCdAg2,True
33955,Ti2TcOs,False
33957,Te4MoW3Se4,False
33964,Be2CuRh,False
33966,SmGePt,False
33971,YbRh2,False
33973,ZnPb3,False
33975,TaTlPt,False
33987,Zr3Ag,False
33990,LaHoMg2,False
33999,Na2TiS2O,False
34016,ZrSnPt,False
34022,LiHo2Pt,False
34041,H2CO3,False
34058,YBi2BrO4,False
34060,DyTaRu2,False
34062,Li3CuS2,False
34067,Yb2AsAu,True
34068,Ca2BiAu,True
34069,V2FeTe4,False
34072,P2S7,False
34075,AsAu3,False
34080,Te4Mo3WSe2S2,False
34089,Lu2BeOs,False
34090,AcN,False
34112,LiVIr2,False
34126,Dy2Cr2C3,False
34131,DyO3,False
34136,PmDy3,False
34138,KSnSO4F,False
34145,TeMo2Se2S,False
34162,CaPmHg2,True
34176,Er3Al2,False
34184,Ac2Mg,False
34189,YMgAu2,False
34191,CeSi2,False
34193,YbTlPd2,False
34196,TaZnCo2,False
34215,TiAlOs2,False
34225,U2CrN3,False
34233,SiSnPt5,False
34234,VRu3,False
34237,CaPmPd2,False
34244,TiTc2W,False
34252,HoHfRu2,False
34253,ScSi3Ni,False
34254,BaLiF3,True
34257,Mo3Se2S4,False
34259,Tm2NiRu,False
34265,LuRh2Pb,False
34266,Be2Mo,False
34270,Tl3H,False
34273,Pr3AlC,False
34275,Y2RuRh,False
34285,Sc2AlCu,False
34286,Co2NiSe4,False
34289,Pm3Pb,False
34292,Ba4LiTa3O12,False
34295,Lu2TlHg,False
34297,DySiRu,False
34304,TiS2,False
34309,LiCa2Mg,True
34323,Rb3Ba,True
34327,Pu3Sc,False
34336,Al2Re3B,False
34337,BeVCo2,False
34343,InAu3,False
34354,PrTmTl2,False
34369,ScGa5Ni,False
34376,Li2FeP2S6,False
34378,Ba3PrRu2O9,False
34383,Lu2AgHg,False
34387,CaAs3,False
34394,NdBeO3,False
34395,TbMgAu2,False
34408,SmF3,False
34423,NdDy3,False
34426,K2SbAu,False
34440,Ga7Ni3,True
34444,HoSi2Rh3,False
34456,Tm2OsPd,False
34460,ZrAs,False
34464,NbAlPt,False
34472,ScAu3,False
34474,Li2CdPb,True
34477,PrSm3,False
34478,TiBiRh,False
34495,ThAu2,False
34501,RbBeO3,False
34502,DyBPd3,False
34504,Ho2NiIr,False
34532,PrAs,False
34535,SmSeClO3,False
34550,RbCa3,True
34555,FeHO2,False
34561,Re2W3C,False
34563,Tm2MgTc,False
34565,USbRh,False
34574,LiZrAu2,False
34577,NaNi3,False
34579,Pm3Tl,False
34580,Sm3CuSiS7,False
34581,ErAgSn,False
34583,NpOsO3,False
34585,RbZn4P3,False
34588,PrSb3,False
34592,TlPPt5,False
34593,MgPt3,False
34594,ZrBiRh,False
34612,LiMgPO4,False
34613,Mo3H,False
34617,MoW3Se2S6,False
34635,FeHO2,False
34636,NaNi3,False
34655,SmHgAu2,False
34656,NbCd3,True
34657,FeHO2,False
34659,LiLa2Os,False
34661,V3Mo,False
34663,TiNi2Sb,False
34666,Ti6Si2B,False
34677,LiSiNi2,False
34683,Hf5Sc,False
34687,KCeSe4,False
34693,Te2MoWSe2,False
34696,PrGeRu,False
34700,NdF3,True
34716,NiN,False
34717,YbBe13,False
34721,MoIr,False
34726,MgPaRh2,False
34731,NiTe,False
34743,SmErZn2,True
34748,Hf6Zn6N,False
34749,NaHf2VF11,False
34759,NdMgAg2,False
34769,Tb2IrRh,False
34770,TmBeO3,False
34778,Sc3Al,False
34784,Ni3S,False
34788,RbSnIO6,False
34793,ZrCd3,True
34796,TmBiPd2,False
34798,PrGa,False
34799,LuHO2,False
34802,NbInNi,False
34808,TaTiMn2,False
34813,Mg3ZnC,False
34833,TlI,False
34834,TbYbPt2,False
34848,ScZn2Au,True
34862,Mo3WSe4S4,False
34871,Ti3Zn,False
34872,FeTeBr7,False
34874,GaN,False
34887,Li3Au,False
34889,Sm2IrPd,False
34894,PrNdMg2,False
34896,Cd2PtRh,False
34897,Sm2MgGe2,False
34922,Rb3In,False
34930,Li3Al,False
34938,LuPPt,False
34943,K3Pr,True
34948,UTeAs,False
34950,LiAu3,False
34955,SnSb,False
34956,In3Ga,False
34961,Ho2CuRh,False
34962,SmGaO3,False
34963,K2Sn,False
34964,Ho2OsPt,False
34968,SmDyIr2,False
34982,Mg3Au,False
34983,NaMnF4,False
34986,TeMo2Se2S,False
34996,Mo3WSe6S2,False
35005,Li3Cu,False
35009,LaPt3,False
35023,PrEr3,False
35025,Yb3Zr,False
35026,TbAlAg2,False
35029,NaMg3,False
35036,LiMg2,False
35046,LiCeO3,False
35049,SrMgSi,False
35052,TeMo2Se2S,False
35056,RbSmO3,False
35057,TbO3,False
35061,KRb2VF6,True
35073,Li3Pd,False
35076,Hf3Ge2,False
35077,ScNbRu2,False
35078,NaYSi,False
35080,Yb3V,False
35103,LiGa3,False
35132,HfSb3,False
35139,Yb3V,False
35166,NaAl3,False
35169,ThSb,False
35174,Ti3Ni4,False
35175,Yb3V,False
35177,La3Al,False
35184,NpS,False
35185,Ho2CuTc,False
35192,YbPrMg2,True
35193,Ti3Au,False
35194,HoErAl2,False
35196,MnCoSi,False
35204,HoTh3,False
35207,TaInRu2,False
35216,LuTi2Ga4,False
35220,Nb2Co3Si,False
35221,LiInAu2,False
35232,SnBO3,False
35235,NdLuTl2,False
35243,Ho3CuGeS7,False
35251,LiSmAu2,False
35253,PmSmHg2,True
35256,Te3MoWSe,False
35262,W2Se3S,False
35266,Sm2CuIr,False
35269,Tl3Ru,False
35272,Te2MoWSe2,False
35274,Sr2Si5N8,False
35276,WSe2,False
35286,PmHo,False
35293,ThSe,False
35301,NdSb,False
35307,YHoRu2,False
35312,VIr,False
35315,Li2CuP,False
35319,Sm3Pd,False
35328,VS,False
35330,TlSe,False
35335,Sr2LiIn,True
35341,USeS,False
35356,VC,False
35366,CeGe2Pd2,False
35369,ScGaRu2,False
35370,MnB4,False
35374,Pr3Er,False
35386,KCu2Se2,False
35396,ErInRh2,False
35397,Ti3In3Rh2,False
35405,TbMn12,False
35410,MnCr2O4,False
35417,SmPbAu2,False
35419,Be5Au,False
35434,V3Ge,False
35439,Pm2InHg,False
35444,NaCd2Pt,True
35449,Te2Mo3WSe4S2,False
35456,CaCdSi,False
35458,NaRuO3,False
35459,Sm3SnC,False
35460,Li4Nb3Fe3Sb2O16,False
35465,ZrBeSi,False
35468,SrCa3O4,False
35472,ZrH3,False
35474,SmTmMg2,False
35476,MnNi,False
35481,TbHg3,True
35494,NaCu,False
35498,PtN,False
35503,Yb2Nd2O5,False
35509,CeSi2Pt2,False
35515,PrAgAs2,False
35527,TiCoSi,False
35541,TiZnPd2,False
35546,ZrPd,False
35549,LuAl2,False
35555,Pm2ZnRh,False
35566,NaHo3,False
35571,TeMo2Se2S,False
35578,MnZn,False
35592,ZrTe,False
35596,HoSnO3,False
35608,NdPa3,False
35618,HfZrZn2,False
35624,ErHg3,True
35635,W3O8,False
35637,YPaTc2,False
35641,MnZn3,True
35649,RbCaCl3,True
35662,LiIn3,False
35665,Ho3Pb,False
35668,HfBeSi,False
35692,NaInAg2,True
35698,SmCdPd2,False
35703,SmFe5,False
35705,Lu2AlRu,False
35709,BaCd2,False
35721,Sm3Sc,False
35726,Rb3Tl,True
35738,CoAs,False
35743,RbTaGeS5,False
35746,ZrVGe,False
35748,SmErRh2,False
35758,SnI2,False
35759,YbZn,True
35770,Rb2Mg,False
35805,BaNb10SiO19,False
35806,PrAl,False
35811,NdBPd3,False
35813,HfAlPt,False
35814,Te4Mo3S2,False
35818,PaAgO3,False
35824,ErP2Ru2,False
35826,Nd2ZnAg,False
35841,SmH3O3,False
35845,TaRh3,False
35868,Sm2AlCd,False
35871,SnSb,False
35879,SmBr,True
35888,SmYTl2,False
35894,ThGe2,False
35901,Nd2ZnGa,False
35908,NdSn3,False
35913,Sm3Y,False
35916,NdSc3,False
35920,PrGe3Rh,False
35931,TaCo3,False
35934,YbMoClO4,False
35936,Li4Co3NiO8,False
35949,Si3Ge,False
35954,K3Sr,True
35956,RbUAuSe3,False
35957,DyAgHg2,True
35960,Rb3Ca,True
35967,Ac3Pr,False
35970,Cu2HgGeSe4,False
35971,BaNaScSi2O7,False
35972,TmThOs2,False
35974,Ni3Mo,False
35975,YGa2Ni,False
35976,Li4Mn2Nb3Cr3O16,False
35984,ZrInPd2,False
35985,ErRh5,False
35986,Tb2Mo2O7,False
35987,PrAlGe,False
35993,SmZn2Cd,True
36000,BeRh,False
36004,SmTlO3,False
36010,BeF2,False
36016,Lu2ZnCu,False
36019,Mn3N2,False
36020,UTe,False
36021,TbSn3,False
36023,Ca3Al2Ge2,False
36025,TbH3O3,False
36029,TeW2Se2S,False
36033,TiPRu,False
36040,Nd3Al,False
36048,YbErHg2,True
36051,DyAl,False
36052,Yb2InSn,True
36054,HC12N8,False
36056,NaTmO2,False
36063,Ta2B,False
36065,LiMgAu2,False
36073,Na4PbO4,False
36078,MgCoO2,False
36092,Li4Fe2Cu3O10,False
36095,Mn2F7,False
36097,CaP3,False
36104,Si2N2O,False
36106,CuN,False
36108,TbAs3,False
36135,AlH3O3,False
36140,Li2CuF4,False
36148,Nb2PS10,False
36156,Te2WCl6,False
36160,Li2Co2SiO6,False
36162,NaHO,False
36164,SnC2S2N2,False
36165,NaTaO3,False
36177,Sn2OF2,False
36178,SrZn2P2,False
36188,VN,False
36191,Li2Ti2NiO6,False
36192,CS2NF5,False
36195,PbS,False
36201,CdI2,False
36202,KMn2O4,False
36217,KS,False
36221,H12PbC8O4,False
36222,CaSb2O4,False
36227,SrO,False
36230,YIO,False
36242,Nb6Co7,False
36246,GaC3,False
36247,NiF2,False
36249,LiYMo3O8,False
36258,CdI2,False
36267,YbNiO3,False
36269,Ti3Ga,False
36273,CeBrO,False
36275,LaAg,False
36289,Na3GaS3,False
36291,Li2TiNiO4,False
36293,NaTmO2,False
36300,ScC,False
36302,SiO2,False
36303,Mg3Cu,False
36306,ZnBi4O8,False
36312,RbS,False
36313,PaCl4,False
36318,K3NaP2O6F2,False
36320,LiV4OF11,False
36329,TaN,False
36337,CaAl4O7,False
36347,Mn5O9F,False
36350,Li2VF6,False
36355,MoPb,False
36356,VBiO3,False
36363,TaCo3,False
36364,Mg3Co,False
36368,ZnCu2SnSe4,False
36371,LiTi3S6,False
36372,Ca2SnAu,True
36374,RbS,False
36378,Mo2WSe2S4,False
36382,Mg3Ni,False
36396,CrAgS2,False
36408,YbCd2Sb2,True
36409,AgGeO3,False
36414,LiV2OF5,False
36415,SmIO,False
36417,LiCuAu2,False
36418,KP,False
36419,MnSbS2Br,False
36429,Tl2GeS3,False
36430,Yb2ZnAg,True
36432,ZnSb4O8,False
36435,Mg3Sb,False
36436,BeH2O2,False
36449,ZnTe,False
36465,TaBi4ClO8,False
36478,PrH3O3,False
36479,TiN3Cl3,False
36489,GePbS3,False
36509,K2YNb5O15,False
36510,Pm3Y,False
36521,FeC2O6,False
36526,MgGe2WO6,False
36530,CuTeO4,False
36535,Ga3Ge,False
36537,AsS24I3,False
36545,NbSe2,False
36559,TmTa3,False
36575,NpP3,False
36578,MnCSO7,False
36582,KF2,False
36586,Yb2BaSr,True
36590,Na2ZrO3,False
36599,W3C,False
36600,Yb2Cr2C3,False
36601,ErCdPd2,False
36603,CdI2,False
36604,InSb2S4Cl,False
36610,VRe2O9,False
36621,Zn2In2S5,False
36629,Yb2CdHg,True
36630,Lu2MgAl,False
36639,ScZnPt2,False
36640,UF3,False
36655,NdS3,False
36668,LaAs,False
36675,Hf2TcOs,False
36683,LiC12,False
36685,Sm3Dy,False
36687,Pm2AgRh,False
36689,WCl4O,False
36699,ZrNCl,False
36702,Na3Nd,True
36707,LuCl3,True
36715,Ba2AgSb,False
36718,LiFeSiO4,False
36724,Ca2AgGe,True
36726,Li3Cr3FeO8,False
36735,HfTl3,False
36737,NaCa2In,True
36746,VS2,False
36748,LiBeAu2,False
36750,Ni3Pb,False
36751,Hf3Pt,False
36753,Sm3Er,False
36763,PbI2,False
36768,Bi14Te13S8,False
36770,MgC2N2,False
36790,CrPO5,False
36792,GaTe,False
36796,ZrCu2Hg,False
36816,Si3MoPt2,False
36818,NbIO2,False
36822,Sn3B,False
36828,Na3DyCl6,True
36835,LiTl2InCl6,True
36837,LiFeSiO4,False
36841,CaNd3,False
36844,Be3Fe,False
36846,Ce3Br,False
36850,TmAs3,False
36856,SmNi2Bi2,False
36857,Sm3Tm,False
36866,TiH8N2F6,False
36868,LuBi3,False
36869,VI3,False
36871,NdB4,False
36876,Ac3Th,False
36882,TlHCO2,False
36894,NiO2,False
36898,TbHO2,False
36907,Li3CoO3,False
36915,TiAgSe2,False
36922,Rb2NaSbCl6,True
36927,Rb2NaInCl6,True
36958,InTeCl,True
36959,Tm2AlZn,False
36962,Rb2TlInCl6,True
36963,Rh3Se,False
36964,Mg2ZnPd,True
36968,YTlAg2,False
36972,YbSr3,True
36974,KBaSiHO4,False
36975,LiTm3,False
36980,OsAu3,False
36988,Zn3CdS4,False
36996,TiGeO3,False
37019,AgHgO2,False
37023,GaI3,False
37031,Be3Tc,False
37043,WS2,False
37044,PrBiO3,False
37045,USn,False
37046,VCl3O,False
37055,SmGe3,False
37058,OsSe2Cl12,False
37065,In2Te5,False
37070,KAuO2,False
37073,Sm2AlZn,False
37095,SmTmRh2,False
37100,NiAsO3,False
37105,Hg3Bi,False
37106,Sr4S3O,False
37107,PrTe2,False
37118,SmTa3,False
37128,NiAg3,False
37130,TbB4Ir4,False
37138,CaAgO2,False
37144,NaMgO3,False
37150,Rh2S3,False
37151,Te2W2SeS,False
37153,Lu2HgAu,False
37166,SiCCl3F3,False
37170,BiSbO5,False
37171,Rh3F,False
37174,Nb3AlC2,False
37181,Nd2AgHg,False
37183,VIrO3,False
37188,Li4Mn3NbP4O16,False
37202,YbPm3,False
37211,CuH2O2,False
37213,Na2Zn2Se3,False
37217,PrHo3,False
37226,MoAs2O7,False
37228,CaTl2Cd,True
37233,Zn2SiO4,False
37238,Tm2CdHg,False
37247,Ni3Bi,False
37266,YbMgO3,False
37276,TlCuCl3,True
37280,SmTmHg2,True
37291,Ti3Be,False
37295,FeBiSbS4,False
37299,CuSiRh2,False
37303,InSnBr3,True
37305,TbH3,False
37306,SmP3,False
37311,FeCo2O6,False
37317,SiH8,False
37328,Sm3Sb4Au3,False
37332,SnO,False
37343,SiC3,False
37350,Ac3Sm,False
37359,CoAs4F18,False
37364,CuPdO2,False
37372,YbPu3,False
37373,Tl3Br,True
37379,VC2O6,False
37381,YbP3,False
37386,SiP2O7,False
37387,Tl3Cd,False
37391,RbSnBr3,False
37403,Tm3Ga,False
37416,RbPbBr3,False
37417,LiSnS2,False
37422,AcCrO3,False
37433,AlClO,False
37445,RbCuBr3,True
37447,TlNiO3,False
37448,AlFe,False
37453,YbSm3,False
37459,RbCaI3,True
37465,TbYTl2,False
37467,Yb2AgPd,False
37470,V3Co5O16,False
37472,YC,False
37474,MnCo2O6,False
37487,YSb,False
37493,TcB,False
37499,Li3ClO,False
37505,UAg3,False
37514,KCaBr3,True
37517,Na3BrO,True
37524,H16RhN5Cl6O3,False
37528,Yb3Os,False
37539,Sc2MnGe,False
37540,Al3Pb5F19,False
37558,Hg3SbAsS3,False
37559,RbPbBr3,True
37561,Yb3Os,False
37564,RbPbCl3,True
37573,RhN,False
37585,YHoCu2,False
37592,CrAgO4,False
37594,Al2Cu,False
37608,Na3N,False
37612,Ti2MnAl,False
37614,Na4Ni3O7,False
37628,LiMn2F6,False
37629,Na2SmPCO7,False
37632,CoH9C3N6,False
37641,AlCrO4,False
37664,YNbRu2,False
37667,GeI2,False
37678,LiMnFeO4,False
37686,NbVO5,False
37689,Dy2RuRh,False
37694,ZnB8H8N4,False
37700,Dy2SeO2,False
37706,AgN,False
37708,PmYAl2,False
37721,YHO2,False
37724,MoN,False
37729,Mn6O7F5,False
37734,Mn2Si2O7,False
37747,CdI2,False
37751,Er2NiOs,False
37752,Dy2SeO2,False
37754,MnSiNi2,False
37759,Mn6OF11,False
37760,NbC,False
37770,CrSiTe3,False
37771,CrW2O8,False
37772,Li3Co2O2F3,False
37779,TiV4CoO12,False
37780,MnP,False
37783,FePSe3,False
37787,BMo,False
37794,Li4Ni3O2F6,False
37800,LiVCrP4O14,False
37803,MnO,False
37806,BaReN3,False
37813,TcN,False
37818,Yb3Rb,False
37820,Li4MnCr3P4O16,False
37822,TmMgCd2,True
37840,MnFe3,False
37841,LiScPt2,False
37848,NpCdAu2,False
37870,Li5Cr2Fe3O10,False
37875,MnCo3,False
37880,CBrN,False
37881,Li3VPCO7,False
37885,LiNiPO4,False
37887,NbCr3,False
37890,Yb2ZnRh,True
37896,ReN,False
37897,YAg2,False
37901,TaCrO4,False
37903,Al3Tc,False
37906,Na2VPCO7,False
37909,LiScTl2,False
37915,Cr3O2F2,False
37917,Al2PdCl8,False
37919,Fe3S4,False
37921,LiVP2O8,False
37924,NaCaP3O9,False
37936,VF4,False
37943,Zr2InC,False
37947,RbSmTe2,False
37949,SiH10O4F6,False
37953,Nb3Fe,False
37960,Li2MnFe3O8,False
37970,Nb4VO12,False
37971,RbNaH2,False
37972,Sm3Ag,False
37978,Dy2Ge2O7,False
37982,Ta2CrRu,False
37983,Ca2MgIn,True
37987,TbLi2F6,True
37988,Li4CuNi3P4O16,False
38003,Li6NiOF6,False
38020,HfCl4,False
38044,LiMn3OF5,False
38061,LiVF4,False
38062,Li2CrCoO4,False
38065,Li8SbS6,False
38066,CoAgO3,False
38073,VCoO4,False
38076,LiFeSiO4,False
38079,LiFeSiO4,False
38080,ZnSiN2,False
38081,Fe5Si3,False
38084,Li2NiOF2,False
38089,Li2TiNi2O5,False
38097,Li6MnFeP2C2O14,False
38106,Li3VF8,False
38114,InH5N2F2,False
38118,Th6CoBr15,False
38122,Nb3Cr,False
38128,Li6MnCrP2C2O14,False
38129,Li5V4O8,False
38143,SiH3F,False
38151,Sb2S2O,False
38156,MoH12PdN4O4,False
38159,Li2Mn3NiO8,False
38179,Li4TiMn3P4O16,False
38184,PdN,False
38187,LiNiPO4,False
38188,ReSeCl,False
38198,Li2SiNiO4,False
38204,MgAgF3,True
38206,LiCo2O4,False
38208,Li8MnO5F,False
38209,Li3FeCo3O8,False
38216,Li4FeSi2O7,False
38225,Li2MnO2F,False
38226,Mg2FeO4,False
38227,Ce2U3O10,False
38230,PtO3,False
38231,MgNbRu2,False
38238,Li4Mn3OF11,False
38241,Li3BePCO7,False
38242,TeI2,False
38243,Li8VO5F,False
38249,YBiO3,False
38255,DyNbO4,False
38262,LiVF3,False
38263,Li2MnOF2,False
38264,Na3MnPCO7,False
38266,Si3CCl8,False
38267,PaP3,False
38275,Li2NiP2O7,False
38278,Nb3Ru,False
38287,TaHgS2,False
38288,LiMn2OF3,False
38293,MgCr2Se4,False
38305,Ti3Mn2Co3O16,False
38308,Sm5Sb3,False
38312,Sc2NiPd,False
38319,DyCu,False
38322,CaBi2O4,False
38323,K3ReClF6,False
38340,Pb7Cl2F12,False
38341,Dy2Ti2O7,False
38345,ZnN,False
38351,UTa2O8,False
38352,Sr2Li2NiO4,False
38354,Sr3SiO5,False
38367,Na3AsSe3,False
38372,NaSr3SbO6,False
38375,Yb4Cl6O,True
38380,TaOF3,False
38386,KRb3,False
38390,SrAl2O4,False
38397,Li5VF8,False
38400,YScO3,False
38405,LiVO2,False
38407,NaMnCrF6,False
38416,Pr3TaO7,False
38418,NaNdS2,False
38422,K4Zr5O12,False
38424,Li2Mn3CuO8,False
38427,TaHO3,False
38431,BaTiO3,False
38449,Li2FeSiCO7,False
38460,AlCr2O4,False
38463,H4INO4,False
38468,Te4Mo3WSe2S2,False
38473,LiAlSe2,False
38476,Na6MnS4,False
38479,NaBPt3,False
38495,NaNdSe2,False
38501,Ca4PdO6,False
38504,Yb3U,False
38511,Yb3Ti,False
38513,Li2Ge2O5,False
38515,ZrH2,False
38535,YTh4O10,False
38539,B2Mo,False
38542,ZrCo,False
38544,Mg2VBiO6,False
38545,Li3Co2Si2O8,False
38559,Na3Sr3GaAs4,False
38560,NbH2,False
38566,ZnBiAsO5,False
38578,Li3SiNi3O8,False
38582,Ba2CaMoO6,False
38584,Li2Fe2C3O9,False
38585,Li2MnSnO4,False
38590,SF6,False
38614,HoCl3,True
38625,Li2V3CoO8,False
38629,K2HfF6,False
38630,TiCdO3,False
38635,NdAgAs2,False
38636,CeGaO3,False
38644,K2CrPCO7,False
38646,LiMnF3,False
38648,Na2B2Se7,False
38651,MnInCu2,False
38652,TlNiO3,False
38663,K2VPCO7,False
38669,Ca2Si3Ag,False
38677,Ba2TaBiO6,False
38687,Ba2NbInO6,False
38688,CdSO3,False
38697,Tb3SbO7,False
38699,YPd3,False
38701,TmClO,False
38705,HIO3,False
38707,TlGaSe2,False
38724,Li2Mn2O3,False
38726,Li2MnFeO4,False
38730,Co2SbTe,False
38731,InSb2Se4Br,False
38734,HoRh3C,False
38738,Li2MnFeP2O8,False
38752,Li5Fe3Ni2O10,False
38753,Ce3Al,False
38758,MgTeH12O9,False
38759,SmCoC2,False
38760,Na3CrCl6,False
38763,Li4Mn3WO8,False
38766,Er6MnBi2,False
38784,Co3OF5,False
38801,Li2CrO3,False
38804,BeCu,False
38809,MnOF2,False
38817,Li4Fe3TeO12,False
38821,Fe6O5F7,False
38827,TmLuTl2,False
38830,LiNiSnO4,False
38836,Fe8N,False
38845,Ca2AlFeO5,False
38846,GaFeNi2,False
38847,Li2Mn3VO8,False
38853,LiInHg2,True
38854,SmAu,False
38855,PrNbO4,False
38860,YHo3,False
38868,LiMnBO3,False
38889,Li4TiCo3O8,False
38896,TiPt,False
38906,Li7Ni5O12,False
38926,LiFePO4,False
38933,MnFe3P4O16,False
38935,PHF4,False
38948,Ti2AlN,False
38950,Sr2GaSbO6,False
38955,Mg10FeO11,False
38977,Mn2P2O7,False
38981,Li2Mn3O6,False
38986,Sr4Br6O,False
38989,NaTeF5,True
38993,CoCu4O8,False
39000,TaTe2Br6,False
39005,LiVFeO4,False
39009,PaO2,False
39013,K4Au6S5,False
39017,LiMn3Fe2O8,False
39023,NbCr2,False
39025,CrPO4,False
39027,LiCrCo2O6,False
39032,MnZnSiO5,False
39035,Li3Co4S8,False
39038,Sr3V2O8,False
39040,Li4Fe2TeWO12,False
39048,PbICl,True
39050,FeNi2S4,False
39058,KNdO2,False
39059,TiMnO3,False
39060,BNCl2,False
39067,Ba9Nd2S12,False
39072,Na3InCl6,True
39087,SCl,False
39092,K2O,False
39100,Y2PtAu,False
39109,HfMo2,False
39110,Mn2O3F,False
39116,LaBi,False
39117,Sc2HgPt,False
39121,SCl2,False
39123,Li3FeSiO5,False
39132,CrO3,False
39138,CoHg3,True
39152,Ho2TeO2,False
39154,NaErF4,True
39158,Nb2C,False
39162,Li2HgBi,False
39168,TiS,False
39174,HBr,False
39175,MnHg,False
39179,Dy3Co11B4,False
39183,PrBi,False
39184,CoBr2,False
39190,Ti3Si,False
39196,Li2Cr3FeO8,False
39205,LiPdPb2,False
39212,ZrSc2Tl,False
39220,Li2CdPt,False
39222,Ti3Al,False
39229,LiMnVO4,False
39234,ZrTlCuS3,False
39254,Ag2MoO4,False
39264,MgIn,False
39267,DyBi,False
39274,MoWO6,False
39277,ScPO4,False
39279,Li3Mn4VO8,False
39283,Li3VBPO7,False
39284,ZrCo2Sn,False
39289,LiMn3CrO8,False
39294,CeGa2,False
39297,Na3CoSiCO7,False
39314,PaAl3,False
39316,Ba2BeBi,False
39323,LiMn2F6,False
39330,Li2O,False
39342,AlH3O3,False
39347,KBF4,False
39355,Ba4NaSi,False
39356,Li4VCr3O8,False
39360,TiTe3O8,False
39361,SnBr6N2,False
39362,Sr2CdWO6,False
39370,CrGa3P4,False
39380,DyInNi,False
39385,EuPd3,False
39396,NaTiS2,False
39399,Mg4BePd,False
39405,NaN3,False
39417,BrF3,True
39421,LaCo5,False
39423,Ba4ScV,False
39428,ZrMnO3,False
39435,YbKO2,False
39437,RbPbF3,False
39438,BAs,False
39442,Tb3Co2Ge4,False
39443,CrAgO4,False
39448,Ba3Br2O2,False
39451,Te2SO7,False
39461,Ag3Sb,False
39463,FeSbAs,False
39464,Na3NiO2,False
39467,Li7SbO6,False
39469,LiV4CuO12,False
39472,V3CuO8,False
39486,CePd5,False
39490,NdTi3FeCu3O12,False
39498,Th2Zn,False
39501,SiRh,False
39512,CdCl2,False
39516,TiBi2O5,False
39517,ScCu2O4,False
39519,Al2Si2H4O9,False
39524,MnInNi2,False
39526,Zn2CuRh,False
39544,UNi2P2,False
39549,KTaCu2Se4,False
39556,TiInCu2,False
39557,Li4MgCo3O8,False
39561,LaAgO2,False
39562,Li4TiCrO6,False
39572,SnF2,False
39579,Li6CuF8,False
39589,CrBO3,False
39593,VFeO4,False
39595,TaFeSb,False
39612,LuCoC,False
39617,LiFe5O8,False
39621,MgV2O6,False
39625,PuAl2,False
39626,Fe3O2F4,False
39631,BaWO4,False
39633,MgCr2O6,False
39635,V4O5F7,False
39641,Mn2ZnO4,False
39644,CeZnSbO,False
39645,Li4Cr3NiO8,False
39657,YbRh,False
39658,KFeP,False
39668,MnSb3P4O16,False
39679,LiMnF4,False
39688,LaS,False
39689,VRhO4,False
39700,NaVO2,False
39705,Ag3PO4,False
39711,Li5V5Co2O12,False
39713,Sm2InHg,False
39726,Ta2H4O7,False
39731,Li2Mn2CuO6,False
39740,Na2CO3,False
39753,MoWSe2S2,False
39760,Ca2Ge,False
39770,RbHO,False
39780,Li2FeO2,False
39787,Ge2N2O,False
39788,LiVCrO4,False
39789,RbUAgSe3,False
39792,Sr2NiMoO6,False
39793,V3Se4,False
39796,SrH2Cl2O,False
39811,Ba2Ti3Tl2O10,False
39822,SrGe,True
39823,Li2BiO3,False
39828,Li2FeNi3O8,False
39831,Y4SiS3,False
39832,NaBC4N4,False
39835,LiV2OF5,False
39836,CeH3C3O6,False
39847,CeMnGe,False
39854,LiCo6O7,False
39855,Ba3H12Ir2,False
39858,TaNO,False
39859,LuB4Os,False
39872,TiCu,False
39877,SrPSe3,False
39886,NaP4N7,False
39890,Pb7Br2F12,False
39898,GaAgP2Se6,False
39901,VCrO4,False
39902,KAuI3,True
39905,LaIn3,True
39911,Pr3Al,False
39914,Rb2In4O7,False
39925,CaMn2P2,False
39934,LiMnP2O7,False
39946,YVW2O8,False
39959,AsS24I3,False
39960,PdPbF4,True
39964,FeCu2GeS4,False
39971,LiFeP2O7,False
39986,KH3F4,False
39995,USe,False
40002,V2ZnO4,False
40008,SrMn2Ge2,False
40009,TbAg,False
40023,Mn3Sn,False
40024,ThH2,False
40028,RbAgO,False
40030,MgCu2O4,False
40035,Co3W,False
40039,HPd,False
40041,MgH2,False
40042,PrSnPd,False
40043,As4S3,False
40044,ZrSnIr,False
40047,NdNbO4,False
40054,K4Re2Cl10O,False
40067,FeSb2,False
40076,Tm2Sn2O7,False
40090,HoIn3,True
40095,LiAg,False
40106,UFe2Si2,False
40107,DyTiGe,False
40112,MgAl2H8,False
40114,LiCrSi2O6,False
40119,SiO2,False
40121,RbLiCrO4,False
40143,Sr3HoRhO6,False
40149,BaPbO3,False
40154,LuB2Ru,False
40158,TbCoC,False
40169,CaY2S4,False
40175,ZnSn2O4,False
40179,Tb2SnS5,False
40184,Na2Ca2Ta3O10,False
40191,Ba2YV3O8,False
40194,NaHCO2,False
40195,NaIO4,False
40199,BPt,False
40207,ZnO2,False
40208,ErSb,False
40210,BaZnCO3F2,False
40214,NaPrTe2,False
40216,Mo6PbSe8,False
40218,Dy2In,False
40230,H4BrN,False
40231,MnO2,False
40236,Li2S,False
40240,Li2CrSi2O6,False
40246,MgInBr3,True
40247,V2CuO6,False
40262,TlBiF4,True
40264,YBi3F15,False
40275,LiAlVO4,False
40278,V2FeO6,False
40284,Li2VSiCO7,False
40291,Ba3Y2Cu2PtO10,False
40295,Li12Mn2O9,False
40312,Mn3Si2Te6,False
40313,NaLi2BP2O8,False
40323,Li3TiCu4O8,False
40326,PuGa3,False
40335,Pu2SO2,False
40340,NaNO3,False
40345,Ba2YCo3O7,False
40346,HfIr3,False
40352,TeMoS,False
40359,ReTe3Br5,False
40361,NaMoO3,False
40363,NaCdAs,True
40369,TbCoSi,False
40371,Ba2DySbO6,False
40384,CeB6,False
40385,PmDyIn2,False
40386,Sm3Np,False
40390,Ga2Se3,False
40393,NbSiAs,False
40394,Tb2In,False
40397,CdAuO2,False
40399,K8N3O,False
40402,CeTl3,False
40405,PrLuSe3,False
40408,Na6S2ClO8F,False
40409,TaPbS2,False
40410,TmH3O3,False
40428,PrSi2Mo2C,False
40430,TbC2,False
40432,Ho2In,False
40441,GeBi4Te7,False
40444,DyInAg2,True
40446,KNa2BN2,False
40447,PdPbO2,False
40450,Mn3FeO8,False
40451,LiFe2F7,False
40459,WN2,False
40476,Cr3Ge,False
40485,Sc3PbC,False
40487,ZnFe2O4,False
40491,LiPH2O2,False
40493,YMgIn,False
40494,Pm2PtAu,False
40496,Li3CrO4,False
40497,Rb3H5Pd,False
40507,VFeH2O5,False
40519,NaMn2O4,False
40524,SrSm2O4,False
40534,Ba2YMn3O8,False
40541,CeAl2,False
40547,Rb3Ti,False
40552,CrN,False
40559,NpIr2,False
40560,NdIn3,True
40561,TlCuF3,True
40587,CoHO2,False
40603,Rb2Hg7,True
40604,Rb3Ru,False
40615,Fe4P,False
40621,ZrFeF6,False
40629,WS2,False
40636,InAs,False
40637,KPrTe4,False
40641,Li4V2SiGeO10,False
40642,TlCu4S3,False
40648,K3CrO4,False
40657,Na3SiSnBO7,False
40661,NpCo2Ge2,False
40664,InN,False
40670,LiSbP2O8,False
40671,Mg6MnO8,False
40677,Ba2YTlCr2O7,False
40681,CoPt3O6,False
40684,GeSb4Te7,False
40700,TeMoS,False
40701,UGaNi,False
40707,TbZn2,True
40716,Er2O3,False
40717,Li4Mn3FeB4O12,False
40719,ZnH2SO5,False
40720,Ca3TeO6,False
40723,V3Pt,False
40727,CdCO3,False
40745,YbLiPb,True
40747,Sm3Si,False
40749,Nb3Au2,False
40751,Na3CoO3,False
40763,Ba5Bi3,False
40764,Tb3SnC,False
40766,LiMnAlO3,False
40773,Cr2CdH14N4O8,False
40781,PtPb2,False
40788,Mg2Mn3O8,False
40789,ZrCuSiP,False
40798,ZnSn2O4,False
40800,Ba2YMn3O7,False
40803,Fe3SnC,False
40816,NaClO2,False
40822,CrSbSe3,False
40826,ScZnMo3O8,False
40843,Hg2W2O7,False
40846,Li4V2Cr3Fe3O16,False
40847,RuSe2,False
40857,InNi3,False
40860,CaMo2O4,False
40869,AlSiP3,False
40870,NaHgPO4,False
40875,CaTiF5,True
40878,Mn2VGa,False
40888,Li4Ca2MgSi2N6,False
40889,YbIn2Au,True
40903,Mn2InCo,False
40904,Cr2As,False
40909,Li2InPd,False
40925,CaMn2Si4O12,False
40930,NbW3Se8,False
40945,DyBC,False
40948,KNO3,False
40949,CaFe2O4,False
40950,Li4VFe3O8,False
40951,CuH2SO5,False
40952,Mn2CoSn,False
40956,BiO2,False
40957,CaV2O4,False
40962,ZrMn2,False
40982,MnGaPt,False
40984,Na2AlH4ClO4,False
40987,Ag2Se,False
40989,InPt3,False
40994,NdSi2Pt2,False
40995,RbNdTe4,False
40996,DyPd,False
41000,DyVO4,False
41005,ScInNi2,False
41007,MnCoGe,False
41015,HfCo2Sn,False
41021,ScInCu2,False
41037,SCl2,False
41042,PuSi2Os2,False
41046,CrCdO4,False
41056,NpSi3,False
41061,CaTi2S5,False
41067,PH4I,False
41073,MgCo3C,False
41080,CeVO4,False
41082,Tl2PdSe2,False
41084,InSb,False
41088,InMo6Se8,False
41097,NdGe2Ru2,False
41098,LuAs,False
41103,YbMnGe,False
41104,UNi4Sn,False
41112,SmGe2Ru2,False
41113,Na2Zn2O3,False
41123,Ni3N,False
41126,Y2In,False
41129,HfBe5,False
41137,USn3,False
41141,Na2CO3,False
41151,MgNi2O4,False
41153,ZnFeO2,False
41157,CaCu5,True
41162,ThPb,False
41165,SmCuPb,False
41168,Au3Br,False
41175,RbBiF3,True
41179,ErFe4Ge2,False
41180,HoSi2,False
41183,H8PtN2Cl6,False
41186,Y3InC,False
41207,NaZr2SN2Cl,False
41218,YAsO4,False
41223,ZrGeO4,False
41237,AgHgSI,False
41240,Sr5Bi3,False
41254,Cu3Ge,False
41273,Ba2Mn3Sb2O2,False
41292,CeNi2As2,False
41299,Tb2Pb2O7,False
41302,CaSn2O4,False
41305,Li2VF6,False
41308,Ti2InC,False
41315,SrH4O6,False
41320,MnSn2,False
41335,ZnSiO3,False
41343,ThAs,False
41344,SmAs,False
41346,ZnSn4O8,False
41347,TiAlAu,False
41348,TbMn2,False
41358,CoSn2,False
41359,Ba2SrWO6,False
41364,Zr2N2O,False
41365,LuTiGe,False
41374,Rb8N3O,False
41387,SrAgSb,False
41394,HfGaAu,False
41399,Rb3NaBe2F8,True
41402,CrPO4,False
41407,ThB2O5,False
41413,V4GaS8,False
41414,Na3VSO3,False
41420,U2Cu4As5,False
41439,CaSiPt,False
41441,Zr6FeSb2,False
41446,BaNi4O8,False
41447,SmMg2Ag,True
41448,Bi2Rh3S2,False
41450,MgZnAg2,True
41454,Rh3Se8,False
41456,Zr6Sb2Pt,False
41459,Er2FeC4,False
41461,ZrBe5,False
41465,Mn2N,False
41467,ScAs,False
41470,Rb3Sm,True
41472,ScSb,False
41474,ZrNbP,False
41475,Ho5Ga3,False
41479,PbO,False
41480,RbMnAs,False
41481,InAs,False
41484,TlBiP2S7,False
41487,SnSe2O6,False
41496,K2GeF6,False
41503,ZnCN2,False
41512,YbBa2SbO6,False
41521,YbFe2,False
41529,Ca3Co2Ge3O12,False
41539,AsSCl3F6,False
41541,Na2ZrSiO5,False
41543,IrN2,False
41547,Tb3Al5O12,False
41550,YP,False
41553,Mn2CoSi,False
41557,SmNiAs,False
41563,TbCu5,True
41565,Ge3Bi2O9,False
41567,Mg3P2O8,False
41573,ZrZnCu2,False
41574,K2TiSi3O9,False
41583,Re2SCl12,False
41597,Sr6Li2Cr2N8O,False
41600,RbZrMnF7,False
41612,DyTlPd,False
41618,DyTl,False
41624,NdFe5,False
41633,VAg2PO6,False
41635,SmAgPb,False
41638,SrThBr6,False
41639,WC,False
41642,GeClO2F5,False
41644,ZrAs,False
41647,Ho4Ga16Co3,False
41648,YFe5,False
41650,ZnAu,False
41653,SrMg2N2,False
41655,FeAg3,False
41666,RbLaSe2,False
41678,SiN2F6,False
41704,Rb2SeO4,False
41705,KHgC2IN2,False
41708,Tl2SnTe5,False
41709,Sr3B6Rh8,False
41719,Mg8BPt4,False
41722,LaSi2Au2,False
41726,KNaTe,True
41730,RbZrCdF7,True
41736,CaTcO3,False
41738,Rb2Hf2O5,False
41739,TeO3,False
41742,FeOF,False
41745,SiO2,False
41749,Sr2Cd2CuS2O2,False
41758,Li3V2F9,False
41764,Ba4BeTl,False
41772,HfCuGe2,False
41777,HoNi3,False
41790,BaPbO3,False
41793,Be12Mo,False
41799,TmGa2Pd,False
41802,Ga3Ni2,False
41806,Ta2CrO6,False
41808,CrPO4,False
41815,HfAg,False
41820,PdSCl,False
41822,HfBrN,False
41823,CeMgZn2,True
41826,AlI3,False
41833,Ce2Mo2C3,False
41839,Li2SO4,False
41841,LuRh2,False
41843,Si3N4,False
41849,CrBrO,False
41852,WBr4O,False
41859,ThAs,False
41864,Na3ScSi2O7,False
41865,PrPO4,False
41869,KHg,False
41874,Sc2MnSe4,False
41875,SrNb2O6,False
41879,SrRh2,False
41881,UAl8Fe4,False
41887,NaNiAsO4,False
41890,NdHg2,False
41894,ErRh2,False
41895,PrHg,False
41908,ScHg,False
41913,HoGeAu,False
41914,TlHg,False
41916,NaBi2AuO5,False
41921,Fe3PH6PbSO14,False
41922,ScRh,False
41927,TmHg,False
41942,CuMoO4,False
41948,MoAs2,False
41955,SrAu5,False
41966,Ba2SrI6,False
41970,BaCuO2,False
41984,NbRu,False
42005,CaPr2S4,False
42006,Sn3B,False
42011,SrH3,False
42025,Co2P,False
42029,MoF3,False
42031,Rb2AgSbS4,False
42032,BePd2,False
42038,VS,False
42046,Ca3SnS5,False
42049,VNi2,False
42054,Tl9SbTe6,False
42058,NpOs2,False
42085,K4BaGe3O9,False
42090,TbAlNi,False
42095,TiOF,False
42106,TiPd,False
42111,TiTc,False
42118,YbTl,False
42122,K2NdAgI6,True
42124,Sr2CaTlCu2O7,False
42126,Rb2CO3,False
42130,Rb2HgAuBr6,True
42136,Mo2C,False
42137,Rb2ScTlI6,True
42138,VZn3,True
42139,Zn3SiNi2,False
42140,KRb2SmCl6,True
42155,LiVS3,False
42157,TcP3,False
42158,K2Mn3S4,False
42161,Y2Si3N4O3,False
42162,MoO3,False
42164,LiS,False
42167,AcAg2Pb,False
42169,K3CoF6,True
42178,K2RbCeCl6,True
42183,Eu2MgCd,False
42184,LiAgF2,False
42185,Ba2Tc2O5,False
42192,YbLaAu2,False
42195,LiLuTl2,False
42204,Tb2Cl3,False
42207,Nd3Cu3Sb4,False
42209,KDyI3,True
42218,TmMn2Si2,False
42227,Hf2MnCo,False
42238,YGaAg,False
42242,Li3Rh,False
42250,SnPbS2,False
42257,LiPrAu2,False
42265,Mg3Tc,False
42268,K3BrCl2,True
42271,AlGaAs2,False
42277,Fe3SbN,False
42282,PrB2Ir3,False
42287,K2RbNbF6,True
42296,PaHgTe2,False
42304,WO3,False
42328,Ce3Sm,False
42331,CuAu3,False
42337,Y2ZnCu,False
42339,YTmRu2,False
42342,Ga3Ge,True
42347,CaAu2F12,False
42354,Mg5Pb,True
42357,PdSe2Cl6,False
42368,HoMn2SiC,False
42369,TmMnGe,False
42384,BaFe2As2,False
42386,Ba4CuSb,False
42402,KBaTe,True
42404,Nb2Pd3Se8,False
42408,Mn8O13F3,False
42411,TmGe3,False
42417,SmBeF4,True
42421,FeHO2,False
42425,MgSb,False
42428,Li2Fe3O3F5,False
42429,Ti2AlN,False
42434,YB4Mo,False
42435,Ba2Na2O3,False
42445,Ho5Co2Bi,False
42446,Al5Mo,False
42450,U2Cu2As3O,False
42454,Dy2Sn5,False
42456,Ba6Co25S27,False
42463,Rb3Pb,True
42475,CdBr2,False
42481,CaNbO3,False
42502,BeSiN2,False
42506,Zn3Cr,False
42516,AgBiSeS,False
42521,NaTlO,True
42530,BaDyO3,False
42542,TeMoS,False
42544,Ag2S,False
42548,InGaN2,False
42557,Mn2NiN2,False
42558,Al2CdS4,False
42573,Ba2NdBiO6,False
42584,Li2YAl,False
42587,ZnCrO4,False
42589,CeScAl4,False
42591,FeIr,False
42594,Cr3O4,False
42597,SmI2,False
42603,KCuS,True
42608,US2,False
42615,Rb3GaCl6,True
42631,K2PrCuBr6,True
42634,Ho3CuSiSe7,False
42639,InAg3,False
42641,CaNiP2O7,False
42643,Er2Zr2O7,False
42644,CaSO4,False
42649,SeN,False
42652,MoPb3Cl2O5,False
42663,DyScO3,False
42670,YbBa3,False
42674,Rb2ZnO2,True
42676,MnB,False
42683,V2CuO6,False
42684,K2NaScF6,True
42685,Ti2MnTc,False
42689,BiF5,False
42692,Er2Mg,False
42696,Li4CO4,False
42701,CrP2O7,False
42708,TmTe,False
42713,ScAlCu2,False
42719,RbCaBr3,False
42723,MgF2,False
42730,LiMn3O4F2,False
42743,LiPrZn2,True
42745,CuO,False
42765,Ca7Ge,True
42776,PrDyAl4,False
42785,PrInAg2,False
42788,AsRhO4,False
42798,LiGe,False
42800,Li4Mg,False
42801,B2W,False
42808,NaNi2O3,False
42811,CeCoGe2Ru,False
42823,Li2Cr2O7,False
42834,Rb2BiAuF6,True
42835,ScVO3,False
42836,La2CdAu2,False
42837,V3FeS6,False
42852,KSmP4O12,False
42863,U3O8,False
42866,ThAg3,False
42870,NaCrN,False
42873,YbSnRh,False
42881,Ca3P2O8,False
42887,CoNiTe4,False
42894,Li3Mg,False
42896,GeI2,True
42902,MgZn2,False
42915,LiNiO2,False
42917,Ho2AlFe3,False
42921,TiNb3Al2C2,False
42923,Li2MgCd,False
42929,Ac3Y,False
42931,LuSF,True
42936,Mo2SeS3,False
42937,Na2YPCO7,False
42939,Pr2Co7B3,False
42944,Pm2Mg,False
42951,Na2LiYCl6,False
42953,TbNaTl2,True
42964,K3Mn2O8,False
42965,YMoO4F,False
42977,HoScO3,False
42984,Ti3Al2NiC,False
42985,MgTlRh2,False
42990,KBa2IO6,False
42992,Ti3Al,False
42994,Ti2Ga3,False
42995,Dy3In4Co2,False
42997,Rb2NaCrCl6,False
43004,K2NaCeI6,True
43010,U2SbTe,False
43014,Hf2MnOs,False
43016,RbSnF3,True
43022,Rb2NaSbBr6,True
43028,Mn3CrAs4,False
43040,Ce3Mg2InAu3,False
43054,BH3OF4,False
43058,K2GaAuI6,True
43063,La2Ni4Ge3P,False
43068,Y2O3,False
43086,K2TlAgCl6,True
43096,Mg2FeO4,False
43118,RhN2,False
43124,MgTi2O4,False
43131,KTi5Se8,False
43132,Rb4CdBr6,True
43134,MnBe2,False
43136,NaIO2F2,False
43141,CoO2,False
43144,MgS3,False
43152,RbBeH3,False
43158,Rb2InAgCl6,True
43172,PrPtF7,False
43176,NbFePb2O6,False
43180,BaP2Ir2,False
43187,PrCuO3,False
43201,Ca2SnS4,False
43202,TmAgTe2,False
43211,SO4,False
43214,Li2TiO3,False
43231,SrF2,False
43235,TaTi3,False
43236,Ni2Ge,False
43251,CaAu2O4,False
43257,Co2NiO4,False
43259,SrPrMnO4,False
43279,MgH12SeO9,False
43282,TeMoWSeS2,False
43286,Yb3Pm,True
43287,SrAl2Te4,False
43291,Zr2Co4P3,False
43298,Sm3PbC,False
43300,YbAlCu5,True
43302,Cr2GaC,False
43306,Ga2CuAgS4,False
43317,NaLi2GaF6,True
43318,UInAu2,False
43325,CeBRh3,False
43344,K2NaTlI6,True
43345,NpCu2Ge2,False
43349,Zr2SiTe2As,False
43367,Ba2TaBiO6,False
43371,Mo3Pd,False
43376,V2B3,False
43380,MgVO3,False
43388,Ba2MgIn,True
43390,VOF,False
43392,Ho2MgCd,False
43413,ThMgRh2,False
43414,InAg3F6,True
43436,La3SnN,False
43440,TlAsF6,False
43443,Hf2MoPt,False
43444,NiO2,False
43450,Tb2FeSi2,False
43451,Ti4Fe2P3,False
43463,LiSm3,False
43465,Mn2O3,False
43469,TiAu4,False
43472,Rb2GaHgI6,True
43477,Ta3TiB4,False
43480,ZnPd,False
43488,CdSeO3,False
43489,MgIn5,True
43521,LaBi2ClO4,False
43535,Rb2ScAgBr6,True
43555,CeAlSi,False
43571,Ir3Os,False
43572,Tb2ZnCu,False
43575,YbBa2UO6,False
43584,TbSr3,True
43590,LiTi2Te4,False
43592,K2LiBiCl6,True
43599,Nb3Ir,False
43605,TaNbC2,False
43607,Ho2HgOs,False
43613,GaNi,False
43627,CeMg2Si2,False
43632,NaCO3,False
43634,Sb2Pd,False
43642,Ta2Pd3Ru3,False
43646,PmCdCu2,True
43649,Er2MgGa,False
43650,LiAgF4,False
43654,LiCoSiO4,False
43657,TmO2,False
43663,AlGaCu2Se4,False
43668,U2AsSe,False
43671,BaRuO3,False
43676,Na2SmCuCl6,True
43707,Ca2Cu,True
43709,Li2CdSb,False
43710,SrAsAu,False
43714,LiO8,False
43717,Rb2InAsCl6,True
43718,Rb2ScTlF6,True
43726,Na3AsCl6,True
43735,Tb2AlFe3,False
43743,Na2LiBiF6,True
43747,NaLiCO3,False
43756,ErIr2,False
43762,GeBr2,False
43763,Fe4O7F,False
43787,CrGaRu2,False
43791,SrCrO2,False
43794,YFe2,False
43800,ZnAgF3,True
43803,BaMn2O3,False
43805,TlBiS2,False
43817,TiNbB2,False
43818,Sb3Ir,False
43820,Rb2LuAgCl6,True
43822,DyAg3,False
43827,YbNaO2,False
43829,YSc3N4,False
43835,PmTmCu2,False
43839,Mn2OF3,False
43840,SrClO,True
43843,NaNO2,False
43850,RbGeBiS4,False
43852,Rb2GaAgF6,True
43855,Na2GaHgCl6,True
43862,AgSbSeS,False
43866,BaLaMnInO6,False
43872,Tl3Bi,True
43874,LiCoSiO4,False
43881,UCuAs2,False
43887,SrLiO3,False
43888,NbVN2,False
43890,MgZn2Sb2,True
43893,Al2ZnS4,False
43895,Na2GaAgBr6,True
43897,Rb2TlInI6,True
43904,MoCl2O,False
43917,Pm3Pa,False
43918,HoLuHg2,True
43927,VBr2O,False
43942,YSi2Ni,False
43945,NpAsSe,False
43947,CrCoB,False
43950,Nb2InC,False
43956,Ga2CoIr,False
43957,NaCd2Ag,True
43963,Cr3PdN,False
43966,V2CdO6,False
43971,Na2AlHgF6,True
43973,DyErCu2,False
43974,ErAl2,False
43977,SnSbPt,False
43978,CoAgF3,False
43985,CuAsO3,False
43992,SrPd3O4,False
43993,Al2Cu2Ni,False
43995,SrSm3,False
43998,Nb9PO25,False
43999,LiNdSn,False
44007,BaGaGe,False
44011,GeMoAs,False
44014,LaNi2GeP,False
44021,LiVFeO4,False
44023,Ac3Pm,False
44032,LaNd3,False
44034,YbGeAu,True
44037,ZnPb2N2,False
44043,ScC,False
44053,TaSiGe,False
44054,SrMg2,False
44061,PrFeCo4,False
44069,In2S3,False
44071,NaSbTe2,False
44074,TaRu,False
44075,Ni2PPd,False
44081,TmLu3,False
44096,Al3Ag,False
44108,HfPRu,False
44113,NdCo2As2,False
44116,VOF,False
44121,Li4MoO5,False
44124,Y3Th,False
44126,MnInO3,False
44135,LiCrCo2O6,False
44136,Li2TlAg,False
44149,RbNaSi2O5,False
44155,DyGePd,False
44162,K9U6BiO24,False
44170,Ca2MgN2,False
44199,Na2LiScF6,True
44211,Li3GaGeO5,False
44225,ZrTiF6,False
44227,Na2AgIrF6,False
44232,Dy2MgGa,False
44238,Li2CrNiO4,False
44241,LiFe3O4,False
44246,KNaSmNbO5,False
44254,CdAg,False
44255,KPbO3,False
44257,PmTm3,False
44262,Na2CuSbS3,False
44271,KBH4,False
44272,PuUN2,False
44274,YFeCu,False
44280,SrAlIn,False
44285,Li2SO4,False
44288,Li2VCrO4,False
44290,Ba2UTiO6,False
44296,LuCuGe,False
44302,Li3PdF6,False
44308,ZnCrCu3Se4,False
44310,NaLi5N2,False
44316,Na2PdO6,False
44317,VMoAs2,False
44318,Zn2CdN2,False
44328,BaBeF4,True
44343,NbHg3F6,True
44344,Sm3DyS4,False
44352,BaAgSb,False
44356,GaAg3F6,True
44371,Rb2LiGdCl6,False
44375,CuAsPbO4,False
44377,LaUAl4,False
44378,La3AlO,False
44379,GeAu3,False
44380,K3VS4,False
44389,AlFe3B,False
44395,Mn3Sb,False
44403,Rb3ZnBr5,True
44404,HfCuP,False
44405,Er2AlZn,False
44414,Cr3Te2Se2,False
44415,Sr3Pm,False
44423,Na2CdPb,True
44428,NdCdAg2,True
44429,Li2MgBi,False
44430,CeGa2Ni3,False
44432,LiRhF6,False
44434,TmInRh2,False
44438,NaSr2OsO6,False
44442,PrAlCo4,False
44446,Ho3Ga,False
44447,Yb2CdGa,True
44450,K2NaGaF6,True
44453,NaNb2O4,False
44463,K2RbTaI6,False
44467,BaMo6S8,False
44468,CoTePb2O6,False
44470,H2O,False
44472,Pr2Tl,False
44481,TbHo3,False
44483,NdPIr,False
44496,VO2F,False
44498,Al2O3,False
44502,ZrZnGe,False
44505,Ba2YBi3O8,False
44507,SmCo2Si2,False
44508,LiCaNiF6,True
44515,Sr2Ge2O5,False
44530,Sm5Co2,False
44533,UHg3,False
44546,Hf2Al3Au,False
44550,Yb4Mn2Sn5,False
44554,SrTaNO2,False
44558,Sr2Mg3In5,True
44561,CrIr3,False
44563,LaThN2,False
44566,K3ScBr6,True
44570,MnFeO2,False
44572,Cu2SiTe3,False
44573,SrSm3,False
44579,Mn2CdN2,False
44583,Sm4Sn3,False
44586,YbEr2Se4,False
44611,Ba2PrSnO6,False
44618,DyYAg2,False
44619,KNa4Cl5,False
44625,SmSnF7,True
44626,K3MoCl6,False
44627,Ag2F,True
44633,Sc2Al3Ru,False
44635,Zr2FeOs,False
44638,Sr2ZnPt,True
44642,ErBiRh,False
44655,CeSiOs,False
44659,Ce3SbAs2,False
44662,GeSbTe3,False
44663,Fe3Re,False
44669,Ba5P3ClO12,False
44675,Nb2CrOs,False
44676,MnCu2Sb,False
44677,Sm2MgPd2,False
44693,Sb3Au,False
44695,MgNi5,False
44706,CdI2,False
44707,Yb3Y,False
44708,TaBO4,False
44714,TmSnRh,False
44727,NaNb3Te4O16,False
44728,TlCu6S4,False
44730,Ca3PbO,True
44731,AlCo2Ni,False
44735,Er3Al3NiGe2,False
44739,Pr2Zr2O7,False
44755,Fe3O5F,False
44758,Mg2Co12P7,False
44766,Cu3Sb,False
44782,MgFeF5,True
44783,AsSeI,False
44796,Cr3Ru,False
44803,Na2TiTeO6,False
44811,Li4CuP2O8,False
44813,ZrTe,False
44814,TbPO4,False
44819,B3Ru7,False
44829,Tb2LiIr,False
44832,Na6Ge2Se7,False
44847,Ca3N2,False
44855,RbHF2,True
44856,NpSi2Pt2,False
44857,Y2Ge2O7,False
44865,NiO2,False
44867,DyCo2Ge2,False
44872,MgMo4O8,False
44876,Fe4O7F,False
44878,MgBi2O5,False
44887,NdSmZn2,True
44889,RbTcO4,False
44897,MgSn2O4,False
44899,U2PdS4,False
44904,CuSn,False
44909,KSmF4,True
44916,VW2O8,False
44921,ErIn5Co,False
44929,Rb2BrCl6F,True
44941,NaMoO2,False
44945,CeGa6Pd,False
44946,YbMgAu,True
44947,AgTeO3,False
44952,MgCu2O4,False
44954,K2AlF5,False
44960,DyCuAs2,False
44962,AsRu,False
44963,MgBe13,False
44967,ZnAg,False
44970,Ni3Bi2S2,False
44971,CdSnO3,False
44985,LiTmPt2,False
44990,Te2MoW3S6,False
44991,KCuCO3F,False
44995,Mg2SiNi3,False
45002,HeSiO2,False
45004,Er2SnAu2,False
45009,BaAlBO3F2,False
45013,SmSi2,False
45014,DyS2,False
45019,LuGe2,False
45026,TbH3C3O6,False
45042,MoIrO6,False
45050,Tl2S5,False
45053,Cu6OF11,True
45061,In5AgSe8,False
45063,VSnPO5,False
45065,Rb2NaMnF6,True
45066,LiIrF6,False
45069,Na2Si2S5,False
45072,SbBr3,False
45082,Nd3SiAgS7,False
45084,LiSnAu,False
45092,NdAl3Pd2,False
45096,TiAsRh,False
45098,SrGeP2O8,False
45102,VRu,False
45103,CaCd2,False
45104,Rb2TlAu3,True
45124,LiTl2GaF6,True
45133,Te5Mo4S3,False
45140,CeInAu,False
45146,NaSm3SiS7,False
45155,Li3MgPCO7,False
45156,LiO3,False
45157,NbSbRu,False
45161,In2SiAg2Se6,False
45162,SmTiGe,False
45164,Ho4NiB14,False
45179,CeInPd2,False
45180,Fe2B,False
45183,H3ClO,False
45185,Co3C,False
45187,In7GeIrO8,False
45192,Y2Al9Co3,False
45196,SmSe,False
45200,Yb3DySb3,False
45204,BeNi,False
45205,Sc2Si2Ru,False
45211,ErNiC2,False
45213,TbSi,False
45217,Ni2W3N,False
45229,Mg2SiPt,False
45233,Mn3Be,False
45242,NdP5,False
45250,Th2Au,False
45255,KRu4O8,False
45256,BeVRu2,False
45261,Pr5Al2Ru3,False
45266,Ba2AlFe3O8,False
45270,SbF5,False
45273,YbSb,True
45279,LiYGa4,False
45286,TiNi,False
45288,Ca3CrN3,False
45289,Ba2LaReO6,False
45294,BeO,False
45296,MgSO4,False
45300,Rb3Si,False
45307,Na3Sb3As2O14,False
45313,Sr3Fe2Cu2S2O5,False
45319,NdCl2,False
45323,NaYF4,False
45338,YbLi3PCO7,False
45345,SmCu,False
45349,SrCuSb,True
45350,CaTiPO5,False
45356,Ba3NbGa3Si2O14,False
45357,Tb2IrAu,False
45362,Te3As2,False
45375,SrIn4,True
45378,LiV2P2O8,False
45380,HoFe2,False
45392,K3N,False
45399,USiO4,False
45404,K2ScPCO7,False
45408,Nb5Ga13,False
45410,TbBaMn2O5,False
45418,Mo2RuSe4,False
45430,NbTeCl9,False
45431,SrGa2B2O7,False
45436,Mn5O3F5,False
45439,FeSnF6,False
45444,SmB12,False
45447,TlSbSe2,False
45449,BaTm2F8,True
45459,BaAl2O4,False
45465,NdSmIr2,False
45471,Nb3Rh,False
45477,SiP2O7,False
45478,ErTl,False
45484,ZnS,False
45496,BaAgSb,False
45498,ZnMoO3,False
45504,PaH3,False
45515,TaO3,False
45518,Hf2Ga3,False
45523,Dy3Se4,False
45529,TiCoSn,False
45543,Ho2Be2SiO7,False
45549,LiGaSiO4,False
45550,Cu3Pd,False
45553,PuSb,False
45564,Nb3Co4B7,False
45565,Na6CoSe4,False
45569,SmBi2ClO4,False
45574,NbSe2,False
45583,NbN,False
45585,ZnGeN2,False
45588,DyMg3,True
45593,TiGaCo2,False
45594,U2TeO2,False
45597,Li2MnC2O6,False
45599,Mn3CoO8,False
45611,U3O8,False
45621,Zn3Sn2O7,False
45625,Cu2HgI4,False
45627,Rb2As3,False
45635,NiAgO2,False
45646,K3BePCO7,False
45660,LuSi2Ni2,False
45665,LiTi2O4,False
45674,Ho3InC,False
45681,ErVB4,False
45690,LiVSiO4,False
45710,MgAuO2,False
45722,MoRh,False
45735,Re3Mo,False
45738,LiMnNbO4,False
45741,UCoAs2,False
45744,NpGa2,False
45756,SmO,True
45768,PdSe2O5,False
45784,HIO3,False
45786,LiV2F6,False
45789,Sm3Ir,False
45793,Y4Ga12Pd,False
45802,MgB4Os3,False
45803,Rb2H2C2O5,False
45818,Rb2NaCoF6,False
45819,Ho7Co6Sn23,False
45821,MnCo2Ge,False
45825,CaSO4,False
45831,Li2CuAs,False
45842,CdTe,False
45851,CaSnS3,False
45853,U2C3,False
45854,MnVAgO4,False
45859,Sc2ZnS4,False
45862,Pr2In,False
45863,LiAsO3,False
45864,Li2TiCo3O8,False
45866,Yb3SnO,True
45870,Yb2SeO2,False
45871,CeAg,False
45873,CdAuO2,False
45884,ZnCu2SnSe4,False
45891,PuGa,False
45902,NaMnAsO4,False
45913,UCo2,False
45918,H5PbCI3N2,False
45925,HoC2,False
45930,Na4SrSi3O9,False
45950,Ag2Hg7P8Br6,False
45951,ZnBi2O4,False
45958,Ba2Li3TaN4,False
45962,MnAl,False
45965,Ba5Sb3,False
45967,Sc7Cl12,False
45969,Nb2P5,False
45978,Na8PO3,False
45984,BaFe2P2O7F2,False
45986,U3Bi4,False
45987,PrF3,True
45989,H6PbCBr3N,False
45996,Mn2ZnO4,False
46002,H6PbCNCl3,False
46005,ErHO2,False
46008,LiNbWO6,False
46012,PrCo4B4,False
46014,Li2NbCr3O8,False
46018,RbTlBr3,False
46028,Be2Cr,False
46030,NdSi2Ir2,False
46038,NaEr3,False
46039,TeMoS,False
46042,NbCrO4,False
46043,KVOF4,False
46045,DyRh2,False
46046,TbFe2B2,False
46047,PrSnRh,False
46052,DyNiSn,False
46054,UAl4,False
46055,AcGa3,True
46058,RbSnI3,True
46062,ZrCr2,False
46068,NdAgAu2,False
46075,UFe5Si3,False
46077,KSnS2,False
46079,Li2WS4,False
46090,Ba2YTi2TlO7,False
46096,LiZn3,True
46100,AsPdS,False
46101,UVC2,False
46102,YH3O3,False
46109,YCr3Se2ClO8,False
46112,Ta2O,False
46121,Zr3GeO8,False
46124,MnNb4S8,False
46139,MnPO4,False
46140,MgCuP,False
46143,Pr3Co,False
46144,BaH4I2O2,False
46149,Bi2Pb2Se5,False
46154,NdCd2,False
46158,Lu3Ni7B2,False
46172,RbTaGe3O9,False
46174,Te7Mo4S,False
46181,NaMnSi2O6,False
46184,TmPt2,False
46201,RbCdN3O6,False
46207,Sr2CoReO6,False
46212,Ge3N4,False
46213,Ba2YMo3O8,False
46219,Hg2Os2O7,False
46223,HgS,False
46228,Pd4Se,False
46229,Li2RuF6,False
46236,YbCuAs2,False
46239,Pm2ZnOs,False
46255,AlCoO3,False
46257,LiCoSiO4,False
46260,AlSb,False
46261,Th2Cu,False
46264,TlAgBr3,True
46275,TlIn5S7,False
46279,VSi2O6,False
46286,MoS2,False
46290,Al2Sn2O7,False
46291,Sr2SmNbO6,False
46300,Na3Ca3AlAs4,False
46301,Li3NbO4,False
46308,MnOF,False
46314,Li3Fe5O12,False
46319,FeCl2,False
46321,LiAgF2,False
46328,MgNi2O4,False
46333,BaV2P4O14,False
46335,ZnS,False
46339,H12OsN5Cl3O,False
46340,RbI3,True
46341,KH4O2F,False
46346,MoSeS,False
46349,CaSnS3,False
46358,ErFe4B,False
46372,K3Mo2BrO7,False
46375,Te4Mo3S2,False
46376,Ni3S4,False
46379,LiMnP2O8,False
46384,HO,False
46387,KNiAsO4,False
46395,PrP12Ru4,False
46414,MgO2,False
46424,TiBr3,False
46436,RbPbIO6,False
46451,HfAlFe2,False
46453,BaGa2Te4,False
46457,Er3Ru2,False
46458,SrPr2S4,False
46460,CeAlO3,False
46462,HfPd3,False
46463,SrTa4O11,False
46464,Hf2SbP,False
46467,Li2CuF5,False
46471,Te6MoW3Se2,False
46472,MoW3Se6S2,False
46474,Pr3OsI3,False
46476,MgSn4O8,False
46483,Na2PSe3,False
46485,Te2MoW3Se4S2,False
46488,MgMo2O4,False
46495,Pr2Ru2O7,False
46511,Cr2Se3,False
46514,TbAl4Ni,False
46520,Sm3S4,False
46528,Ni3Mo3N,False
46532,Ta2O5,False
46534,KNdPdO3,False
46540,CdI2,False
46541,BiTe,False
46544,AlPO4,False
46545,Pd7Se4,False
46566,KCrF6,False
46577,Li4Cr3O8,False
46580,UGa5Ir,False
46583,Na3MnAsCO7,False
46585,K2Pd3S4,False
46588,ZnSnO2,False
46589,TbCoSi,False
46590,Rb4Fe2O5,False
46595,HfTe5,False
46601,SiO2,False
46603,LuSeO3F,False
46605,Sr5Si3,False
46607,Li2ZrF6,False
46609,Nb4CrS8,False
46617,HfPt3,False
46618,ZrSb2,False
46621,P4N6O,False
46627,Pr2Au,False
46630,Nb2Se9,False
46631,Na3YBr6,True
46638,Ta3SeI7,False
46641,Sm3GaO6,False
46647,Ta6Co16Si7,False
46649,PuSb,False
46655,Tl4V2O7,False
46665,VCdO3,False
46668,SrMg2,False
46670,Ba2YCu3O6,False
46683,Te4Mo3S2,False
46686,Sm2Te4O11,False
46689,Na2FeAsCO7,False
46690,TiCr2,False
46696,LiBiO2,False
46700,MgBi4O8,False
46706,Sc2InC,False
46709,CrAsO4,False
46712,TbScO3,False
46718,Mg2Mo3O8,False
46726,Er8Ga3Co,False
46727,CaTeO4,False
46728,Si2SnO6,False
46736,Er4InRh,False
46737,ErSiPd2,False
46738,BaHfS3,False
46742,KCaCl3,True
46745,MgI2O6,False
46746,Ni2Mo3N,False
46748,Mo3Pd2N,False
46749,SnO2,False
46752,Pr3Si2S8Br,False
46761,CeAlO3,False
46769,KMnRu,False
46775,InSiIr,False
46777,RuOF4,False
46779,Tb4InRh,False
46781,Li2Cr3SbO8,False
46785,SrP6Pt4,False
46792,MgMnF5,False
46794,U4As6Ru7,False
46795,Y2C3,False
46799,Y3Pt,False
46815,Tm2S3,False
46827,Nb3PbS6,False
46834,Mo3Pt2N,False
46837,TiSb,False
46843,K4Ru2Cl10O,False
46855,Ba2ScSbO6,False
46856,ZnFe2O4,False
46865,CeAgSb2,False
46874,Fe2P2O7,False
46883,CaSnS3,False
46893,K2ZrF6,True
46895,YOs2,False
46896,YSbO3,False
46900,Li7VN4,False
46901,Ag3SnP7,False
46910,V3Si,False
46912,NiSeO3,False
46924,LiVP2O7,False
46926,Tm4InRh,False
46945,Nd2Sn2O7,False
46952,Er5Rh3,False
46956,Ti5Re24,False
46958,Na3Mg,False
46963,K3Ho,True
46964,Y3AlO6,False
46975,ErBi3O6,False
46988,Ba4Os6ClO18,False
46995,Ba4I6O,True
47002,Ca2CuSbO6,False
47015,DyAl8Fe4,False
47022,Yb5Ag3,True
47027,Te7Mo4S,False
47033,Ba2Ti2CuF14,False
47034,YMn2S4,False
47040,Te5Mo4S3,False
47048,Tl4CrI6,True
47050,Te5Mo4S3,False
47054,TlH4NCl4,False
47055,Sr5Sn2P6,False
47056,K2LiAlH6,False
47059,RbGaCl4,True
47065,Te4Mo3S2,False
47079,Na2ZnCl4,True
47082,HfInCo2,False
47091,K2RbBiSe3,False
47092,ThInAu2,False
47094,Te5Mo4S3,False
47102,Sc5Ga3,False
47108,YbBr2,True
47110,ZnSn3O7,False
47127,Na2InCuF6,True
47137,K2LiSbBr6,True
47152,HoTmPd2,False
47154,K3CrF6,True
47155,Si4MoW,False
47163,CdIn3,True
47168,K2InAsCl6,True
47173,Yb2LiCd,True
47174,NdTl2InTe4,False
47175,Na3AuCl6,True
47180,Nb2MoOs,False
47183,NaMnCuSe2,False
47186,Rb2SbAuBr6,True
47189,TbNa2O3,False
47194,Mg2IrPt,False
47196,Mo2N,False
47205,MnNi2Sb,False
47208,MnCd3Te4,False
47209,NaMgHg2,True
47211,GeBiPd6,False
47212,Li5TlIn,False
47217,Rb2YInBr6,True
47223,Rb2YHgCl6,True
47231,HgPb2,False
47234,NdHg3,True
47237,HfNb,False
47239,Na2FeO2,False
47247,AcLa,False
47251,Pr3Dy,False
47252,GaAg3,True
47260,Fe6Ge2N,False
47261,AcY3,False
47262,SmTmIn2,False
47273,Sr3Ca,False
47275,SrF3,False
47285,Tb3Tm,False
47287,Cd3Te,True
47294,Ti2GaTc,False
47305,Tm3Al,False
47306,CaMgP2Se6,False
47309,Y2MgCd,False
47324,AgBiTe2,False
47343,CoNiO3,False
47348,RbNa2NiO2,False
47353,Rb2NaCoF6,True
47358,Ti2Sb,False
47359,NdMgIn,True
47364,ZrAlCu,False
47367,ZnHgS2,False
47370,YbGaCu4,True
47375,Y2In3Sn3,False
47382,TiSi6Mo2,False
47388,Na10SrSn12,True
47390,Cu3SbSe3,False
47397,K2SbAuCl6,True
47405,CeOF,False
47406,LiFeSi2O6,False
47419,Hf3Pb,False
47425,PmTm,False
47434,Ba2UBeO6,False
47441,PrNd,False
47445,Sc6Te2Ru,False
47446,SrAuO3,False
47450,Li3MnF6,False
47462,GaCu3HgSe4,False
47470,Nd2ZnHg,True
47472,FeOF,False
47473,AcPm3,False
47482,HoPaRu2,False
47490,PrSmO2,False
47498,AsPt3,False
47502,NdYO2,False
47509,SrCa3,True
47511,Tm3Hg,False
47516,Rb2NdCuBr6,True
47517,SrAcCd2,True
47520,NaCeS2,False
47521,KRb3,False
47526,Rb2NaMoBr6,False
47527,NaCeS2,False
47533,NdMgTl,False
47534,Rb2NaScI6,True
47535,CaYPt2,False
47538,Na2LiYF6,True
47547,TlIn3,False
47548,InAgI2,True
47557,CrRe3,False
47559,CoRh,False
47563,Lu3Sc,False
47564,NdCu2O4,False
47566,NaLi2RhF6,False
47596,LaCd2Cu,True
47600,MnCoB2,False
47601,TiCo2Sn,False
47615,K3YBr6,True
47618,Cd2GaCuS4,False
47627,CaGaSi,False
47640,BaN2O6,False
47656,ThCo2Ni3,False
47658,Yb2Al2O5,False
47663,Fe3W,False
47665,Pm3Ga,False
47667,Rb2HgSbF6,True
47674,Rb2VF6,True
47679,SrPPt,False
47681,InAgSe2,False
47686,SrCo2N2,False
47688,In3Cu,True
47696,TbCaHg2,True
47700,HgF3,False
47715,TlWO3,False
47716,CdS,False
47719,TbNa2CuCl6,True
47729,Hf3Al,False
47730,KLi3,False
47747,B5H11,False
47753,NbW6Se14,False
47754,Nb2WSe6,False
47756,Ta2Te3,False
47758,TaS2,False
47760,Mo3O7,False
47763,SnCI,False
47766,SnCI,False
47770,OsCO2,False
47774,Ce3Hf,False
47777,SiC,False
47778,SnC,False
47780,Cu3Ag3P2S8,False
47782,SnC2,False
47803,RbCaN,False
47828,CaRh,False
47848,LiCdO,False
47851,TbLuIn2,False
47852,RbAgSe,False
47855,YbYPt2,False
47872,Ce3Th3Si4,False
47876,TlCdTe,False
47888,ZrTiMo4,False
47895,CaLaFeO4,False
47897,IClO,False
47900,MgCrF3,False
47902,LiFeP3O9,False
47903,PbICl,False
47904,MgCrF,False
47913,AlB,False
47919,V3OF7,False
47920,TaRu3,False
47922,RbP2Ru2,False
47928,AlB3,False
47931,CuNO2,False
47951,VCuO,False
47952,PCl3,False
47954,TiCuS,False
47959,Rb3MnO3,False
47964,Rb2MoI6O18,False
47967,Co3Cu,False
47970,CeTmMg2,False
47976,GaNO,False
47983,LiCoF,False
47991,GeHO2,False
47995,GeH2O,False
48000,TaW,False
48001,LiCoF4,False
48010,AlCuSe2,False
48013,CrH2O2,False
48020,CuPI,False
48035,InS,False
48038,KAg,False
48042,KAg,False
48048,KZn,False
48051,KZn,False
48056,LaH2,False
48057,LaH2,False
48058,CoReO4,False
48059,LaOF,False
48061,Li2Bi,False
48066,UAs2,False
48068,LiPW,False
48079,LiMnF4,False
48083,Li2MnF3,False
48090,MgSi2N2,False
48093,BaInFe4O7,False
48096,ZnCr4CdSe8,False
48097,MgSnN2,False
48098,VOF,False
48101,Mg3N,False
48105,NaNF2,False
48111,NaMgO,True
48113,NOF,False
48119,Ce2NCl3,False
48128,TiN,False
48131,SrNF2,False
48141,PdSeO4,False
48147,Lu2MgS4,False
48154,YSO,False
48156,Y2O3F,False
48167,Zn2SO2,False
48168,CaGa2S4,False
48179,ZnSnO4,False
48182,ZnSnO,False
48184,FeBr3,False
48187,Eu3B2Pt7,False
48190,YGaNi,False
48202,Dy2CdTe4,False
48209,Zr3Fe2Si3,False
48216,Mg2B2AsIr5,False
48235,MnTeO3,False
48244,AsOF,False
48248,TbMoC2,False
48258,LiHPd,False
48263,LiHS,False
48274,SrAsF2,True
48275,LiTeH,False
48282,HfCl2,False
48287,NiAsO4,False
48293,Dy3MnAlS7,False
48294,Hg2Cl,False
48297,Li4Mn3CrO8,False
48302,ZrIN,False
48311,Li2CeO3,False
48323,NaIO,False
48327,Zr3Fe3C,False
48330,NaIO3,False
48334,PuB2Os,False
48335,YbTiClO3,False
48337,NF2,False
48349,B2Br,False
48358,Pr2Al2Fe15,False
48360,La2N,False
48362,BBr,False
48371,CaBC,False
48374,ZnCr4CuSe8,False
48375,CaBC,False
48378,Yb4Sc4Sb4O,False
48380,BCCl,False
48387,LaS2,False
48388,CuBC,False
48391,Dy3BeCrS7,False
48396,Lu2Fe12P7,False
48397,Li2As,False
48406,Ho8In3Co,False
48412,Rb3InI6O18,False
48413,LiAs2,False
48422,NaCaBe2B2O6F,False
48423,CrBO4,False
48430,LaBO3,False
48434,UAl10Ru2,False
48438,Sr2BO3,False
48458,Li2FeP2S6,False
48462,Zr9Co2P4,False
48463,YBO,False
48473,Tm3Fe2Ge3,False
48475,YBO4,False
48480,LiMn2P2H4O10,False
48483,Tb5BiPt2,False
48506,LiH2,False
48511,NaVH8N2F6,False
48514,LiYSe,False
48527,Li2Se,False
48531,LiSe2,False
48536,Ba2Cl,False
48538,Ho2MnNiO6,False
48540,AlFe4Cu3O12,False
48541,LiSe2,False
48546,BaCl,False
48548,Li2V3CoO8,False
48551,Er2AlGe3,False
48555,BaCl2,False
48559,BaCl,False
48579,Ca3SbI3,True
48581,Li2TiCo3O8,False
48584,Cr4AgBiO14,False
48587,BaSnTe,False
48590,TiZnN2,False
48595,BaTlTe,True
48598,AuXeF9,True
48601,NaGe,False
48602,AsRuS,False
48603,BaYTe,False
48608,BaZnTe,False
48612,BaZnTe,True
48619,Zr2TiPb3O9,False
48621,Li2Si2NiO6,False
48625,RbNaSb,False
48626,Y4CrS7,False
48629,BeAs2,False
48636,NbO2,False
48644,BeCdSe,False
48646,CaAgSb,False
48661,Li4Mn3FeO8,False
48667,MnPO4,False
48671,SiPbO,False
48676,SrLaAl3O7,False
48686,ZnSiO2,False
48688,AgPbCl,True
48701,BeReMo,False
48702,Sr4Al6MoO16,False
48703,CaAsO2,False
48705,CaAsP,False
48707,BePRu,False
48709,CdAsI,False
48714,CdAsI2,False
48715,BeSbP,False
48716,Re2MoSe4,False
48724,Co2SbO6,False
48725,AsNO,False
48734,GaAgS,False
48736,Nb12ZnSe16,False
48741,GaAgSe,False
48743,SrAsN2,False
48745,Sr3AsN,False
48746,RbTlBr,False
48775,TiH16C9O4,False
48776,LaMn2BiO6,False
48778,NaHC,False
48780,FeMoP,False
48787,TiBe3,False
48800,Er3ScS6,False
48812,Y3Co,False
48814,HfSnC,False
48816,HfSnC,False
48835,CaZrO,False
48838,CaZrO2,False
48850,SnH26C14O4,False
48854,CaO,False
48856,Ba4BiPb3O12,False
48858,CaO,False
48867,AsHPbO4,False
48875,TiH20C11O4,False
48876,Cd2F,True
48877,Tb2MgSe4,False
48878,CdF,True
48880,TiH26C14O4,False
48881,YbSbO4,False
48888,CaSn2O5,False
48896,Ba3ScN3,False
48898,ZnH8C6O4,False
48900,MnCo4N4,False
48901,H6C13S3O,False
48905,H2C6SO3,False
48923,BaO2,False
48926,Sn4Rh,False
48934,Na3ClO,True
48936,CaV4Co3O12,False
48940,NaClO,False
48950,Li3CN2,False
48958,NaSnCl,False
48968,TiH18C11O4,False
48974,NaYCl,False
48979,PdSeCl2,False
48984,Ba2LaMn2O7,False
48991,Cr2CuO4,False
49001,ZnH10C7O4,False
49002,RbS3Cl,False
49008,RbSbCl,False
49009,TiV3O8,False
49013,ZnCoF3,False
49014,CoSeO,False
49015,Zr11Os4,False
49018,H7C11S2N,False
49021,VCr2O4,False
49023,Ag2Se,False
49060,TiH24C13O4,False
49061,NaV4Cd3O12,False
49066,TmFeB4,False
49080,ZnH10C7O4,False
49081,AlBO4,False
49088,Li2CrPO4F,False
49091,H8C15S2O,False
49094,SbSeBr,False
49098,ZnNF2,False
49101,Zn2NF,False
49106,NaNbF4,False
49111,NdP2,False
49113,NaNbF4,False
49114,NdTm3S6,False
49116,H9C12NO,False
49120,SrPF2,False
49121,Ni2Mo3O8,False
49131,Nd2Co3Ge5,False
49139,YGaI4,False
49140,SnH10C6O6,False
49141,Ga2I,False
49144,Ga2I,True
49147,Nb3Se5Br7,False
49158,Li2Ce2Si3,False
49172,ZnH4C4O4,False
49173,Li2VO2F,False
49178,Ho6InCo2,False
49179,GeC3,False
49181,RbTaGe,False
49190,Li2Mn3GaO8,False
49207,H3C2SNO,False
49211,TmAl6Cr6,False
49213,H8C11SO,False
49220,Tb6MgGe2S14,False
49224,H6C7O2,False
49236,SrCaMn2O6,False
49244,WO3,False
49250,Ge3N,False
49256,HC3SNO2,False
49257,TiMn3O8,False
49258,Pr6Cu8P8O3,False
49269,NdSm3Sb3,False
49283,NaLi3V4O12,False
49295,LiNiP2O7,False
49297,YGeS,False
49298,TiH16C9O4,False
49323,La6CoSi2S14,False
49324,MgPH,False
49325,Li2MnP2HO8,False
49327,La2UTe5,False
49332,MgPH,False
49343,HfAlCu,False
49346,HfMgO,False
49357,HfMgO3,False
49363,Cr2Se3,False
49382,Ba3ZnIrRuO9,False
49384,FeO2,False
49387,Dy2Pt,False
49388,Ba4SrFe5O15,False
49391,RbV2FeAg2O8,False
49395,Bi2Pt3Se2,False
49403,SbIO,False
49417,LiMo6Se8,False
49420,NaCaSiO4,False
49421,ZnH14C9O4,False
49422,TmSbO4,False
49428,ZnH16C10O4,False
49436,AlGeO,False
49444,In2I,False
49467,LiCeSi2,False
49469,TlInS,False
49476,Mn2RuN3,False
49477,InS2,False
49480,MnPbO3,False
49484,ZnH18C11O4,False
49495,K2Te,False
49497,ZnH18C11O4,False
49504,Li5MnCo2O8,False
49512,Li7Co5O12,False
49516,Li4Co3O7,False
49518,LaMnZnFeO6,False
49525,ZrH2C3O4,False
49526,SrCaNiP2O8,False
49532,Li2I,False
49534,Li4MnCo2O7,False
49536,V2FeO4,False
49539,ZrH6C5O4,False
49547,Li7Mn2Co3O12,False
49555,Li3I,False
49557,ZrH8C6O4,False
49569,K2CoO2,False
49573,SrLiP,False
49581,Li3TiP2,False
49583,LiTiP,False
49593,SrH16O10,False
49604,Mg16Al12O,False
49608,K3Mo2BrO7,False
49615,Ba3Fe2Cl2O5,False
49626,MgO2,False
49634,TiMnO4,False
49638,CdH6C5O4,False
49640,NaMoO,False
49642,LiFe2OF5,False
49672,Mn6O7F5,False
49677,LiDySn,False
49679,BAsO,False
49680,LiFeF3,False
49682,HgP2Pd2O8,False
49696,BAsO4,False
49697,TiMnV4O12,False
49703,TePbO2,False
49707,MgNi2O4,False
49708,TePbO,False
49719,CdH18C11O4,False
49722,Li2TiV3O8,False
49726,Mg2SiS4,False
49729,YPbO4,False
49734,YPbO,False
49736,La4Co2Sn5,False
49740,SnH4C2Cl2,False
49743,SnH4C2F2,False
49746,Li5Co7O12,False
49747,SnH4C2F2,False
49753,SnSO,False
49755,SnH12C6F2,False
49759,SrSO2,False
49762,SrSO,False
49787,TaSnO2,False
49796,SnTeO,False
49797,La5Ge3O,False
49805,VSnO2,False
49807,Ho3B7Mo,False
49827,Ca3Fe2Br2O5,False
49834,BaClO,True
49840,H8C3,False
49847,ZrPbS3,False
49850,ZrPbS,False
49854,PbS,False
49857,SnH8C4F2,False
49859,Zr7V5N2,False
49862,SnH12C6F2,False
49863,VPPb3O8,False
49870,PbS,False
49871,Sr4MnRuO8,False
49874,H13C12,False
49877,Sm6Ge3Se14,False
49890,CdH20C12O4,False
49902,SnH4C2F2,False
49903,NaLi2As,False
49905,NaPrTiNbO6F,False
49918,NaAsO,False
49923,NaAsSe,False
49933,RbAsSe,False
49934,H14C9O6,False
49935,RbAsSe2,False
49938,La4BrCl3O4,False
49941,CdH20C12O4,False
49942,CaAu2N2,False
49943,La2TiCuO6,False
49944,CaAuN,False
49947,La6MgGe2S14,False
49953,Ho2As7Rh12,False
49956,SnH12C6F2,False
49961,H8PbC6SO4,False
49965,Cr2FeSeS3,False
49968,HC,False
49977,LiBiB,False
49978,BaSrNdCu3O7,False
49992,BI,False
50002,BPbO2,False
50003,NbCr3Ag2S8,False
50007,BPbO,False
50012,RbBO2,False
50017,BSO,False
50020,Sr3Os3N5,False
50025,Li2V3O6,False
50036,ScBO,False
50038,LiMnP2HO7,False
50039,H6C4O3,False
50043,ScBO2,False
50045,H10C7O5,False
50050,SiBO,False
50051,H2C2O,False
50052,SiBO2,False
50057,BaBeTe,False
50061,Li2MnF4,False
50074,BaHBr2,False
50080,Li2MnP2O7,False
50082,H8C9O3,False
50087,BaCdO,False
50098,BaTlCl2,True
50100,LiCoP2O7,False
50114,BaSnF2,False
50123,BaZrO3,False
50130,BaZrO,False
50134,KMnSe2O8,False
50141,LiFeBO4,False
50145,BaO,False
50148,Ba2O,False
50154,LiMnF5,False
50155,DyFeCu,False
50157,CeU2O6,False
50162,CeCuSi2Ni,False
50172,AgPt4,False
50173,BeCdBr,False
50174,WO2F2,False
50178,Na2YCuF6,True
50180,Li2Co3NiO8,False
50181,ErAlPd,False
50187,BeCN2,False
50191,Li2CoNiO4,False
50194,YPu3,False
50199,Li2Mn2OF6,False
50207,Li5Co3O8,False
50208,CrOF,False
50212,AgAsS,False
50213,VOF,False
50218,CaAgP,False
50224,TbScS3,False
50225,BeTePd,False
50232,Li2CoOF3,False
50233,CsCa3,True
50236,SmFeSi2,False
50238,C3N2,False
50243,GaBiO4,False
50248,PuZr4C5,False
50252,BiRhS,False
50261,Ni6OF11,False
50263,BrClO,False
50269,LiMnAlO3,False
50271,PbBrCl,False
50275,Li4Cr2P4H3O16,False
50278,RbGaH4,False
50286,InSeBr2,False
50298,InSnBr,False
50304,Li7Cr2O8,False
50308,LiMgBr,True
50313,CaMn28,False
50319,Zr6Ga16Ir7,False
50325,Zn2BO4,False
50326,NdPOs2C,False
50330,Yb3P6Pd20,False
50341,PdSeBr,False
50343,MgFeC2O6,False
50345,Tm5In4,False
50355,Ag2SnBiSe4,False
50357,PmS,False
50365,CaV2O6,False
50368,ErNiSn4,False
50371,CeW2O8,False
50373,LaCoO3,False
50374,CoC2N,False
50397,NaF,False
50416,PmHg3,True
50430,Na3B2PO5F4,False
50440,LaPu3,False
50449,MnCu2SbO4,False
50452,K4BaU3O12,False
50457,Sr2Mn3Bi2O2,False
50461,S2N,False
50469,BaSrMgSi2O7,False
50470,Ba2I,False
50471,NaInSn4,False
50481,P2Cl,False
50484,RbCl,False
50489,PuPt3,False
50490,RbCl2,False
50497,Li2MnN2,False
50498,Dy2GaCu3,False
50503,SiCl2,False
50511,BaTaS3,False
50524,NaBeGe,False
50529,BeInSe,False
50534,TiBeP,False
50536,BeTlP,False
50537,KRb2GdCl6,False
50546,Mn4VSe5,False
50553,CSO2,False
50555,CeY4Mg5,False
50556,LiMn2B2O6,False
50558,ZrCrCuS4,False
50559,SnCO,False
50561,LaMgFeCuO6,False
50562,SnCO2,False
50565,VPO5,False
50566,CaAg,False
50568,LiAgO,False
50572,LiAgSb,False
50579,CaGeO,False
50581,SrPrFeCoO6,False
50582,LiMn5O7F,False
50587,SrEuO3,False
50595,Ca2N,False
50599,CaTiS3,False
50600,Rb2AsAuF6,True
50611,CaVS,False
50628,Li4Nb2Fe3Co3O16,False
50637,V3OF11,False
50653,NaCrF4,False
50671,CaCdPt,True
50676,MgHg2,False
50678,Sc2CdSe4,False
50705,AlHO,False
50709,Si2WO6,False
50714,Zr3Ni,False
50719,KAg,False
50720,Y2Br3,False
50725,Li4MnCo2O7,False
50726,Lu6FeBi2,False
50727,Li2Bi,False
50728,LiBi2,False
50737,LiBr,False
50749,LiZnP,False
50752,AlPO,False
50760,RbAlO2,False
50762,RbAlO,False
50763,Yb3Pd,True
50766,Y2US3O2,False
50767,RbAlO,False
50774,K2CuP2O7,False
50776,Ti4C3N,False
50777,AlSO,False
50783,AlSbO,False
50799,ScAlO3,False
50800,Pr2FeSi3,False
50803,ScAlO2,False
50821,GeTe5Pb4,False
50838,TaSbO,False
50846,AlSnF5,True
50850,FeO,False
50853,MnCu2Cl4,False
50855,NbFeF6,False
50856,Zr2InAu2,False
50870,TlPSe,False
50882,K2TlInBr6,True
50883,Rb6Na4Tl13,True
50893,Na3SbBr6,True
50902,Dy6InCo2,False
50905,Ba2NdCoCu2O7,False
50932,AcY3,False
50935,AcSnHg2,True
50939,LuBiPd,False
50940,ZrWC2,False
50941,Ag3F,False
50944,USi2RuRh,False
50946,Be3Si,False
50948,MnZn3Fe8O16,False
50951,BeNi3,False
50955,Ca2PdPt,False
50958,YbCaPb2,True
50966,Ba2ZrInO6,False
50972,CeHoMg2,False
50973,AlGaNi6,False
50981,Ho2FeMoO7,False
50990,Cu10Hg2Sb4S13,False
51007,Mg5Sc,True
51011,Al5S8,False
51012,CuBN,False
51013,MnTc2Ge,False
51040,YBO,False
51043,ZnBO,False
51048,SrHg2Pb,True
51050,ZrBO4,False
51067,Ba2HoMoO6,False
51070,BaBrO,False
51086,Hf2Se,False
51088,Li2V3TeO8,False
51094,Li2TiCr3O8,False
51102,BaCdSe,False
51103,CaCoGe2O6,False
51118,BaSbI,False
51119,NaNiAsO4,False
51120,Ti3Nb,False
51122,TmMoClO4,False
51123,BaSbI2,False
51126,Ti3NbAl2C2,False
51129,Tb2Pr,False
51135,SrMn2BiO6,False
51143,BaSnS2,False
51154,BaTe,False
51162,MnNi,False
51168,LiV2Si2O8,False
51178,LiFeO2,False
51183,MgAgO3,False
51188,BaAgSe,False
51193,IrRh,False
51197,BaAgSe,False
51201,AgCl2,False
51204,AgCl2,False
51207,GaFe2,False
51210,Fe4Te3S,False
51212,FeOF,False
51225,CaAlGa,False
51227,CIN2,False
51233,Cd2GaCuSe4,False
51236,Ce2NiSn4,False
51254,Dy2SnAu2,False
51256,Hf5CuSb3,False
51269,TlSbP2Se6,False
51275,La3Bi4Au3,False
51280,Li4Mn3O7,False
51285,Sm2Ge5Pt3,False
51286,Mn3OF5,False
51288,LiCuHSO5,False
51296,NdCO4,False
51304,NdBS3,False
51314,Ti6Al16Ir7,False
51329,Ho2CoPtO6,False
51331,HfAsRu,False
51333,Ce3Sn3Ge2,False
51335,NaCrP2S6,False
51341,SrNdNiO4,False
51347,RbBi4Se7,False
51359,Ho6AgGe2S14,False
51361,HoCu3S3,False
51362,TiNi4GeO8,False
51366,SrFe3Bi2O9,False
51371,Sr2NdSmMn4O12,False
51373,Sm3MgTi4O14,False
51391,HoAl6Fe6,False
51395,LiNiP2O7,False
51403,Mg3Fe3O8,False
51405,LiCr2P2O8,False
51408,Na3CoO3,False
51410,Na4VO4,False
51415,CoSn3P4O16,False
51417,LiNiPO4,False
51418,LiCoPO4,False
51422,Li4MnF7,False
51423,V3O5F3,False
51426,LiVOF4,False
51440,BeNbOs,False
51451,LiO,False
51458,LiBiF,False
51463,BiOF,False
51473,BiOF,False
51474,Li2Sb,False
51485,CuGe2N3,False
51488,NaAlO2,False
51496,NbCr3Ag2S8,False
51499,BiN2,False
51510,NaAlSe,False
51511,Ca2AlCoO5,False
51527,C2Br,False
51533,CaHBr,False
51534,Mg2Cd,False
51539,CaHBr2,False
51541,Li3Fe3NiO8,False
51543,V3O4F2,False
51562,Li2MnP2O8,False
51564,MgSiO,False
51565,IBr2,False
51568,MgSiO3,False
51577,Mg3Se,True
51579,I2Br,True
51590,MnSbO4,False
51593,MgInBr,False
51598,NCl,False
51599,VO2,False
51603,NaMoN,False
51606,RbTeMo,False
51619,SrTiN,False
51620,BrO2,False
51628,Na2Cu,True
51631,Br3O,False
51632,NaF,False
51633,BaZnCl,False
51635,BaZnF,True
51642,PBr2,False
51656,P2Br,False
51669,CNCl,False
51678,Li2VO2F,False
51679,CClO,False
51695,ScCCl,False
51697,CaGaO,False
51699,NaZn2,False
51709,RuCN,False
51711,CaSiN2,False
51712,CaCu2O4,False
51715,NbZnO2,False
51719,Ca2CuAs2,False
51720,CSN,False
51724,LiGaW2O8,False
51726,CaZnO,False
51728,CaZnO,False
51729,CSN2,False
51731,NaMnCrF6,False
51736,Sr2MnCuSO3,False
51753,ZnNCl,False
51762,ZrNCl,False
51763,AsSeI,False
51781,CuI3,False
51783,Ca2C,False
51788,Li4NF,False
51789,AsI,False
51792,AsI2,False
51802,CrAg2O4,False
51805,CaC2,False
51813,TiNF2,False
51814,CaGaH,False
51823,CaGaH2,False
51833,BaYFe4O7,False
51839,NaCrO2,False
51841,LiN,False
51846,CdCuO2,False
51862,MgHN,False
51864,CdO,False
51866,CdO2,False
51869,CdO,False
51876,MgHCl2,False
51885,LiV5O7F,False
51886,InSbS,False
51889,Mg2HCl,False
51911,LiAuS2,False
51913,HNCl,False
51914,MgMoN,False
51915,RbTeAu,False
51918,Rb2TeAu,True
51919,MgZnO3,False
51921,NiHCl2,False
51922,RbTeAu,False
51931,MoN,False
51944,NaPbO,False
51948,Tb2Ga8Fe,False
51960,SnPbO2,False
51965,Sc2NCl2,False
51966,YAsS,False
51970,SrPbO,False
51979,ClO2,False
51983,ClO,False
51994,LiCdAs,False
51998,Ca2FeOsO6,False
52019,Li3Mn2O5,False
52029,Zn3Mo3O8,False
52047,Li4MnCo2O7,False
52052,Li4Mn3O7,False
52057,Li6Mn3CoO10,False
52063,Tl3SiF7,True
52066,PbIF,False
52068,Li4MnCo2O7,False
52069,PbIF2,True
52074,Na2MnO3,False
52076,SnIF,False
52081,Li7Mn2Co3O12,False
52093,MnInF2,False
52098,Na2BiBAsO7,False
52102,NaFe2O4,False
52103,YMnF3,False
52112,Ag5TePO4,False
52114,MnZnF3,False
52121,ZrMnF3,False
52134,Li2Co4O7F,False
52141,NaMoF2,False
52147,La3Cu2S7,False
52162,SrOF2,False
52165,TaVSi4,False
52183,TlBi2Cl7,False
52196,Tc2O3F,False
52197,Nd3Co,False
52203,Mn2Cr3GaS8,False
52208,Mg3Fe3P4O16,False
52210,Li4MnCo2O7,False
52216,Li4MnCo2O7,False
52223,Li4MnCo2O7,False
52226,Tb3MnB7,False
52231,InPt2,False
52240,GeP2,False
52242,Ca8In3,True
52245,Zn2IN,False
52248,V2AgN3,False
52251,Ta2B2Os,False
52253,Ba3Ru3N5,False
52265,Nb5Si3P,False
52267,LaMnO3,False
52268,Mg2SiSe4,False
52278,HF,False
52287,HF,False
52288,Nb4Rh2C,False
52291,LiHI,False
52307,HIO,False
52319,PbWO4,False
52326,HPbI,False
52329,Tm2Al9Ir3,False
52338,SnHI,False
52342,SrHI,False
52356,CeRhO3,False
52362,HSO,False
52366,Ti4FeCoS8,False
52375,Co3SbP4O16,False
52380,SbHO,False
52381,Fe3O2F4,False
52386,NdSiPd2,False
52388,MnCrO4,False
52391,ScHO,False
52399,MnVGa5,False
52408,Li7Ni5O12,False
52417,HfPt4,False
52423,Dy2MnSbO7,False
52424,ZnHSe,False
52434,Li6MnFe2O6,False
52439,Ba2CuAg3Sn2S8,False
52446,V3OF11,False
52450,FePH3CO7,False
52451,SrTaH,False
52463,Er2Si5Rh3,False
52467,DyMoO5,False
52471,Er6InCo2,False
52472,InIO,False
52475,CeLuO3,False
52477,SrInI,False
52479,SrInI,True
52491,BaBO2,False
52492,LiPI,False
52495,BaBO,False
52518,Y4US7,False
52523,KSn,False
52533,LiAlO,False
52537,LiV6O7F5,False
52545,BH2,False
52549,Li3Mn2VO6,False
52550,LiZnO,False
52553,LiZr2O3,False
52573,Ta6MnC3S6,False
52581,BSe3,False
52582,ErGaIr,False
52583,SrCaTi2O6,False
52592,BaCdBr2,True
52596,BaBrCl,False
52600,BaBrCl,False
52602,Ba2BrCl3,True
52607,FeSO4F,False
52610,Dy3Ga8Ir3,False
52611,BaC,False
52613,BaC2,False
52617,CeLu3S6,False
52624,BaSeCl2,False
52626,Nb6TlS8,False
52627,Li3MnCoO5,False
52636,MnF3,False
52644,BaIF,False
52660,BaMgSe2,False
52663,BaMgSe2,False
52668,MgAg2P2S6,False
52669,BaYO,False
52675,Tb3Os,False
52676,BaSe2,False
52678,Li2La3NdSb2O12,False
52682,La3YSc4O12,False
52684,Er2Mn12P7,False
52687,BaSe3,False
52691,BeTlBr,False
52701,NaAgAs,False
52710,GaSb3Pb4O13,False
52711,CaBeP,False
52716,CuSeS,False
52719,Cr5InS8,False
52727,AgAsO2,False
52730,BeTlCl,False
52738,AgB2,False
52752,Ta4AgS8,False
52754,SrPrFeRuO6,False
52756,Ba2YCu3O6,False
52758,Ba2Pr2Co4O11,False
52763,Mn4Ga3Cu2,False
52765,Tm2MgSe4,False
52771,HgAsO4,False
52775,Ce4H11,False
52778,Ba4CaCu2CO9,False
52779,AlCuSnS4,False
52780,Ag3PO4,False
52787,CrCo3N3,False
52802,Sr2MnGaO5,False
52812,Li4Mo3O8,False
52818,ScCr2AgH4O10,False
52822,LiMn2O3F,False
52825,Li7FeO5F,False
52830,Li4VTe3O12,False
52831,LiMnF4,False
52832,TiV4CuO12,False
52834,LiVO2,False
52837,Co6O7F5,False
52848,Zn2H3Cl,False
52858,Mg2Si,False
52860,ScNCl,False
52862,USiRu,False
52874,Li4MnCo2O7,False
52875,YbGa6Fe6,False
52881,H3BrO,False
52889,ClO2,False
52896,BaLa2Cl8,False
52897,SmCo4B4,False
52898,HfBrN,False
52911,YBrO,False
52913,HoWC2,False
52930,HCCl2,False
52934,HCCl,False
52935,Li4MnCo2O7,False
52940,Li7Mn2Co3O12,False
52942,OsCN,False
52944,InNF,False
52946,InNF,False
52969,Pr2MgIrO6,False
52977,NaAgO,False
52979,Cu2SnSe3,False
52984,ZrCdO4,False
52986,Dy8In3Co,False
52992,In2O3F,False
53000,InPF,False
53010,Er6Al7Cu16,False
53011,InGeCl3,False
53019,TlGeCl3,False
53021,MoOF4,False
53029,TlMoCl2,False
53041,NClO,False
53043,TcO2F,False
53046,YClO,False
53059,TiOF,False
53067,ZnClO,False
53073,FeSnPt,False
53083,RbDyBr3,True
53085,AlAsO4,False
53093,Nd4MgPt,False
53097,AlAs,False
53105,SiHF,False
53107,KDy3F10,True
53109,CaAlS3,False
53110,Dy5Co2Bi,False
53111,CaAlS,False
53112,SnHF3,False
53116,SnHF2,False
53132,Zr5AlNi4,False
53133,GeP,False
53135,Yb4CdS7,False
53137,Li4Ti3Fe3O12,False
53140,MnTlF3,False
53141,InHO,False
53142,MnTlF,False
53149,MnTlF4,False
53153,YMnF,False
53165,Li2HN,False
53174,CoO2,False
53178,Li2FeF4,False
53181,Fe3Co3Sb2O16,False
53183,LiH2N,False
53184,LiVF4,False
53189,Li2VCrO4,False
53195,LiH2N,False
53205,TlSnF3,False
53212,K2Ag3Sb3S7,False
53216,SiHO,False
53234,SnHO2,False
53238,CaAlF,False
53239,HfC3,False
53246,GaP,False
53254,GeSbTe,False
53257,B2H,False
53260,SrGeP,False
53265,Hf2Si,False
53266,B2I,False
53272,HgC,False
53276,HgC3,False
53283,BI2,False
53296,TiIN,False
53304,HCl2,False
53306,LaF2,True
53312,LaN2,False
53313,NiH2O2,False
53315,HPbO,False
53316,LaN2,False
53319,HPbO2,False
53320,BPO4,False
53323,Li2Ag,False
53324,BTe,False
53325,HS2,False
53331,Li2NiO2,False
53334,LiZrO,False
53335,H2S,False
53337,BaCdBr,False
53345,H2S,False
53355,Li2CrO2,False
53358,BaSrCl,False
53359,HS2,False
53367,BaTeCl,False
53381,HfSe2,False
53390,MgCl,True
53396,HfSiTe,False
53416,BaZnO,True
53418,BaZnO,False
53422,InIO,False
53433,MgSbO,False
53438,Fe6O5F7,False
53443,LiV6O7F5,False
53446,LiAlN,False
53449,MgSnO3,False
53450,VSO4,False
53454,CaAgO,False
53456,CaAgO,False
53465,LiCu,False
53472,Li3F,False
53473,MgTaO3,False
53479,BeZnCl,False
53483,Be2Cl,False
53485,BeCl2,False
53488,MgTaSn,False
53489,LiVSiO4,False
53494,MnF2,False
53503,MnF2,False
53509,MnSiO2,False
53514,BeS2,False
53519,MoBr,False
53523,MoNO,False
53525,BeS2,False
53539,YBiF,False
53540,LiV4O5F7,False
53541,NaSe2,False
53542,Li2Sb,False
53555,NbZnO,False
53556,RbBiS,False
53557,MgBr2,False
53564,NbZnO4,False
53573,RbCdBr,True
53576,CdSBr,False
53582,CdSbBr,False
53586,Ta2H4O7,False
53593,MgSe,False
53599,CaAsH2,False
53610,Ir2Pb2O7,False
53612,MgSe2,False
53623,CaNd3Mn4O12,False
53624,NaCaAs2,False
53629,Cd4SnN4,False
53633,Sr2TaN2,False
53641,InSbBr,False
53647,NaZnSe2,False
53663,MgN,False
53666,MgN2,False
53674,PbSeBr2,False
53683,PbBr2,False
53686,AsC,False
53698,PbBr,False
53703,Au2S,False
53704,Na5Cu3P4O16,False
53707,CNCl,False
53708,Te6RhBr3,False
53713,ZrCCl2,False
53724,PrIn2Cu9,True
53727,CCl2,False
53737,AuBr3,False
53738,BHO2,False
53742,PbCN2,False
53743,AuCN2,False
53752,AuCN,False
53754,USi3Ni2,False
53765,TlCN2,False
53779,RbAuSe,False
53796,BaCaBr,False
53799,BaCdBr,True
53800,C2S,False
53804,Tb2Al3Ge4,False
53821,Ca2C,False
53824,CaC,False
53825,BaCdCl,True
53827,Ca3C,False
53831,CaC3,False
53832,BaHfTe,False
53836,BaMgSb,False
53839,Li2NiP4O12,False
53841,BaMoO,False
53842,CaGaN,False
53843,CaNO,False
53844,BaVO,False
53848,BaVO3,False
53856,Ba2Se,False
53864,CaVO3,False
53866,BaSe2,False
53867,NbAgS,False
53869,Ba2Se,False
53874,MgBH,False
53876,BeTeBr,False
53881,BaHfSe,False
53882,AgAsF,False
53884,CdPS4,False
53895,LiBeSb,False
53898,LiBeSb,False
53911,Y3AlCoS7,False
53919,BiO,False
53923,SnHCl3,False
53931,ZnAgF,False
53939,SrHCl2,False
53943,BiPS2,False
53945,TlBrO,False
53963,TlCdO,True
53970,NaHF2,False
53976,Li3FePCO7,False
53981,TbNb6Sn6,False
53985,RbMnF2,False
53987,MnV4Cu3O12,False
53995,SrGaH2,False
54009,RbZnH,False
54011,HfZnO4,False
54019,I2F,True
54021,NaInS,False
54024,LiVO,False
54037,LiTe2,False
54046,NaNbS,False
54057,AsSeBr,False
54059,AuBr2,False
54062,Li7Mn4CoO12,False
54067,Ba3UAgS6,False
54081,Rb8SbO3,False
54106,BaMn2P2O9,False
54116,PaAg3,False
54131,Ho3Ga9Pt2,False
54139,ThAg3,False
54142,NaCa3MgFeSi4O14,False
54144,MgBH,False
54150,ErAl8Cu4,False
54153,YAg3,False
54170,VMo6Se8,False
54174,ZrBe,False
54176,Cu3PSe2S2,False
54179,CaZr,False
54188,DyZr,False
54204,BaCdCl,False
54205,ZrI,False
54209,BaMgP,False
54210,LiNiAsO4,False
54213,Nb3VSe6,False
54214,BaZrSe,False
54217,BaZrSe,False
54218,MgZr,False
54239,ZrPa,False
54249,PuZr,False
54256,ZrRu,False
54258,ZrSc,False
54259,Li2CoO3,False
54260,GeBr3,False
54267,Li3Mn2CoO6,False
54268,TbZr,False
54269,VBrO2,False
54272,ZrTe,False
54274,Li5MnCo2O8,False
54275,CdC2N,False
54283,AcSn7,False
54286,Sn7B,False
54290,ArSn7,False
54291,Ca2Br,False
54293,Sn7As,False
54295,Li7Co5O12,False
54296,CaBr2,False
54297,HeSn7,False
54298,U3Be,False
54301,CaTaO,False
54303,Sn7C,False
54321,LiGaCl,False
54322,CuSn7,False
54326,Li4MnCo2O7,False
54342,RbSn7,False
54343,YClO,False
54344,Li7Mn2Co3O12,False
54360,Li7Mn2Co3O12,False
54372,Sn7Rh,False
54382,ThU3,False
54383,PHF,False
54394,Sn7Os,False
54398,Sn7P,False
54399,YU3,False
54400,HPbF,False
54406,Li2FeB2O6,False
54411,AlP3,False
54412,Sn7Ru,False
54416,Sn7S,False
54424,Cu3SnP4O16,False
54425,P3Br,False
54435,CoP3,False
54441,TcSn7,False
54466,PH3,False
54470,SmVO3,False
54476,AlGa3,False
54481,Tb2Ge5Rh3,False
54490,P3S,False
54493,SbP3,False
54495,H2C,False
54497,Ga3S,False
54498,Ho2SnAu2,False
54501,SiP3,False
54502,Ga3Rh,False
54504,SmP3,False
54505,H2C,False
54506,VGa3,False
54509,NpPd3,False
54516,ScB2Os,False
54520,Tm2Se3,False
54529,LiH2N,False
54532,H2C,False
54533,BaSe2,False
54534,CeSm3,False
54538,PrSm3,False
54539,Se2Br,False
54544,Sm3Er,False
54545,CaSe2,False
54554,Sm3Hg,False
54556,HC,False
54557,Sm3Ho,False
54572,Sm3Mg,False
54573,Dy8Ga3Co,False
54582,NaNb6O16,False
54591,Ca2Mg,False
